,250 scatter peaks interpolated,255 scatter peaks interpolated,260 scatter peaks interpolated,265 scatter peaks interpolated,270 scatter peaks interpolated,275 scatter peaks interpolated,280 scatter peaks interpolated,285 scatter peaks interpolated,290 scatter peaks interpolated,295 scatter peaks interpolated,300 scatter peaks interpolated,305 scatter peaks interpolated,310 scatter peaks interpolated,315 scatter peaks interpolated,320 scatter peaks interpolated,325 scatter peaks interpolated,330 scatter peaks interpolated,335 scatter peaks interpolated,340 scatter peaks interpolated,345 scatter peaks interpolated,350 scatter peaks interpolated,355 scatter peaks interpolated,360 scatter peaks interpolated,365 scatter peaks interpolated,370 scatter peaks interpolated,375 scatter peaks interpolated,380 scatter peaks interpolated,385 scatter peaks interpolated,390 scatter peaks interpolated,395 scatter peaks interpolated,400 scatter peaks interpolated,405 scatter peaks interpolated,410 scatter peaks interpolated,415 scatter peaks interpolated,420 scatter peaks interpolated,425 scatter peaks interpolated,430 scatter peaks interpolated,435 scatter peaks interpolated,440 scatter peaks interpolated,445 scatter peaks interpolated,450 scatter peaks interpolated,
Wavelength [nm],Absorbance,Absorbance,Absorbance,Absorbance,Absorbance,Absorbance,Absorbance,Absorbance,Absorbance,Absorbance,Absorbance,Absorbance,Absorbance,Absorbance,Absorbance,Absorbance,Absorbance,Absorbance,Absorbance,Absorbance,Absorbance,Absorbance,Absorbance,Absorbance,Absorbance,Absorbance,Absorbance,Absorbance,Absorbance,Absorbance,Absorbance,Absorbance,Absorbance,Absorbance,Absorbance,Absorbance,Absorbance,Absorbance,Absorbance,Absorbance,Absorbance,
251.000,1.112044,-0.0982287,-0.7385168,19.961,9.335,12.467,7.346,4.882,2.771,6.724,4.451,5.366,3.798,3.723,4.066,2.908,3.108,2.812,2.763,2.854,3.909,2.32,3.141,2.474,2.948,2.471,2.593,1.926,2.673,1.997,2.853,2.033,1.939,2.327,2.405,2.489,3.145,2.609,1.953,1.573,3.089,
252.000,0.3147345,-0.104917,1.830358,11.21547,6.281,5.178,7.428,4.339,5.058,2.725,4.502,2.663,2.807,3.117,4.16,2.485,3.176,3.839,2.582,3.057,3.587,3.625,3.815,2.518,3.455,2.332,3.513,1.399,2.41,2.272,3.017,1.492,2.662,2.87,2.179,2.306,2.357,2.304,2.38,2.359,1.505,
253.000,1.47341,-0.004243659,-2.28876,15.70648,12.061,5.972,4.686,5.085,7.61,5.443,4.199,3.843,4.711,3.984,4.019,4.276,5.315,2.711,4.499,3.766,2.021,3.119,2.588,2.841,1.312,2.131,2.786,1.9,1.67,1.925,2.674,2.397,2.156,2.644,2.043,2.291,1.841,3.309,1.617,2.443,2.281,
254.000,-0.3803257,0.2779335,0.6083864,13.57209,10.599,9.604,5.029,7.192,6.348,8.586,5.01,2.318,4.571,3.615,5.06,4.766,2.974,2.329,2.104,3.039,3.383,1.356,3.501,3.942,1.829,2.74,2.049,2.047,1.293,4.537,1.86,1.927,1.373,1.48,2.699,2.609,2.858,1.334,1.882,1.628,2.177,
255.000,2.022486,0.02350126,0.2684858,16.31078,10.316,6.957,5.775,4.455,7.972,4.279,3.624,4.608,2.536,1.656,2.976,2.905,1.206,3.783,1.438,2.004,2.53,1.759,1.813,2.412,2.045,2.416,1.672,1.278,1.896,2.548,1.797,2.32,2.189,1.366,1.367,2.063,2.485,1.659,1.824,1.921,1.463,
256.000,2.810773,-0.005052461,1.601119,25.36654,4.845,5.406,3.882,7.96,5.033,6.813,3.205,2.762,5.253,2.378,3.216,3.286,3.676,2.506,2.599,2.175,2.371,1.737,2.668,2.61,3.38,1.819,2.659,2.686,2.52,2.357,2.441,1.651,1.651,2.029,1.692,1.942,2.193,1.893,1.996,1.969,1.331,
257.000,4.103328,-0.2150877,0.4305727,22.9312,6.783945,8.789,5.091,4.948,4.957,2.3,5.493,2.05,4.487,3.317,2.702,2.891,2.222,2.831,2.847,2.332,1.562,2.706,2.537,3.014,1.539,2.236,1.762,2.179,1.254,1.679,2.246,2.036,1.541,1.029,2.076,1.278,1.875,1.586,1.412,1.349,1.626,
258.000,5.069427,0.4713922,2.85475,18.21467,10.02371,4.664,5.289,2.8,4.674,6.334,2.788,2.519,2.718,1.695,3.601,2.531,2.685,2.548,2.185,2.482,2.187,2.459,1.966,2.345,2.422,2.433,2.196,1.975,1.617,2.361,1.621,1.899,2.465,1.619,1.835,1.47,1.349,1.882,1.65,1.309,1.583,
259.000,4.942074,1.957283,1.995449,17.79555,5.289343,5.663,4.548,5.666,4.462,5.021,2.835,3.472,2.173,2.381,2.017,2.468,2.16,1.784,2.092,1.713,2.003,2.113,3.064,2.355,2.13,2.469,1.956,1.414,1.499,1.904,1.668,1.571,1.155,1.876,1.431,1.511,1.969,1.04,1.994,1.412,1.298,
260.000,7.690798,1.55177,4.831132,25.15298,7.124891,5.165,8.487,3.656,3.633,5.656,3.339,1.947,1.397,2.924,1.924,1.388,2.504,2.589,2.947,2.382,2.279,2.253,1.752,2.493,2.074,1.638,0.987,2.029,1.056,1.344,1.305,2.243,1.02,1.255,1.878,0.966,1.124,1.265,1.634,1.486,1.224,
261.000,7.243241,1.211506,2.28,24.10935,6.454816,3.613,3.303,6.238,5.18,3.411,6.086,3.008,2.501,2.008,2.203,3.881,2.354,2.267,2.139,2.563,1.795,2.028,1.407,2.558,2.049,1.5,1.27,1.537,1.109,2.144,1.653,1.812,1.574,1.545,1.607,1.239,1.456,1.202,1.476,1.679,1.473,
262.000,9.597146,2.114314,5.321987,19.63188,9.567128,3.630994,2.87,4.443,3.887,1.905,2.91,1.64,2.366,2.743,2.332,2.36,2.734,1.787,2.716,1.599,1.851,1.472,1.307,2.152,2.249,2.192,1.594,2.134,2.264,1.927,1.311,1.109,1.41,1.255,1.13,1.329,1.221,1.217,1.333,1.52,1.126,
263.000,13.64018,2.81542,4.340133,17.02509,6.813368,2.069161,4.117,5.287,2.361,4.534,3.736,1.702,2.798,2.373,1.939,1.405,2.71,1.981,1.946,2.004,1.383,2.435,1.985,1.274,2.547,2.548,1.584,1.699,1.528,1.328,1.636,0.943,1.4,1.026,1.438,1.95,1.606,1.509,0.927,1.186,1.118,
264.000,14.238,3.266389,3.346719,23.69565,8.921993,0.8698457,2.675,4.079,4.29,3.873,2.856,2.542,1.965,3.596,1.21,1.463,2.808,1.983,1.861,2.399,1.775,2.596,1.402,1.913,1.291,1.311,1.073,1.604,1.371,1.377,1.451,1.628,1.4,1.021,1.201,0.625,1.339,1.302,1.671,1.083,0.983,
265.000,19.667,4.17145,6.788373,22.80076,6.526013,1.567377,5.718,3.261,3.195,3.102,4.021,2.086,4.201,1.786,2.204,2.105,2.332,2.349,2.756,1.547,2.133,2.209,1.248,1.863,1.663,1.566,1.786,2.038,1.576,1.405,1.542,1.166,1.782,1.679,1.083,1.447,1.056,1.255,1.634,1.068,1.184,
266.000,16.945,5.204246,5.888507,20.61911,8.060441,1.628955,3.509,5.936,2.998,2.757,1.763,1.266,2.432,2.008,2.832,2.455,1.804,1.693,2.396,2.023,1.373,1.762,2.066,1.905,1.527,1.061,1.175,1.022,1.678,1.201,1.71,0.846,1.539,1.359,1.097,1.291,1.809,0.952,0.904,1.626,0.884,
267.000,23.7,5.726589,6.092557,22.9434,5.896509,0.602477,6.60007,3.764,2.885,3.514,3.266,2.731,2.574,3.148,1.547,1.446,1.586,1.931,1.906,2.317,0.961,2.453,2.056,2.234,1.641,1.071,1.076,1.386,1.276,1.582,0.996,1.034,0.809,1.593,1.235,1.277,1.189,1.205,1.273,0.94,1.275,
268.000,19.995,6.617155,5.546225,18.97799,7.971054,1.694725,5.949714,1.759,2.79,2.033,2.618,2.642,2.35,0.717,2.73,2.258,1.861,1.807,1.768,1.223,1.819,1.358,1.853,1.487,1.507,1.647,1.75,1.926,1.447,1.203,1.248,1.133,1.28,0.87,1.303,1.046,1.084,0.666,1.271,1.402,1.254,
269.000,40.138,8.119,7.216696,17.79395,5.401302,1.017356,7.131632,4.001,2.992,2.284,2.206,2.001,2.519,1.77,1.161,1.591,2.342,1.526,1.762,1.534,1.523,1.463,1.712,1.837,1.903,1.633,1.216,1.168,1.256,0.947,0.844,1.116,0.752,1.435,0.713,0.957,0.943,0.944,0.86,1.074,0.824,
270.000,59.406,7.375,7.878932,9.348755,9.215036,1.529174,6.911886,5.548,4.339,3.205,3.819,3.538,1.213,2.106,0.864,1.777,1.274,2.224,2.082,1.729,1.696,1.115,1.206,1.216,1.02,2.321,1.14,1.281,1.082,1.864,0.967,1.096,0.872,1.323,1.049,1.135,1.238,1.124,1.24,0.953,1.213,
271.000,60.88,10.92,8.893794,14.20913,9.115591,0.8054714,5.869169,2.151,2.635,3.3,2.545,1.473,2.259,1.999,1.256,1.74,2.13,1.201,1.728,1.78,1.124,1.731,1.587,1.404,1.398,1.008,0.987,1.013,1.19,1.276,0.804,0.969,0.987,0.881,0.743,1.104,1.289,0.963,0.865,1.549,0.97,
272.000,62.706,12.905,11.61105,15.39376,5.119975,1.458949,6.327252,4.28148,3.823,3.091,1.435,2.902,1.544,1.138,2.258,1.809,2.34,1.437,1.143,1.936,0.662,1.419,1.43,1.255,1.866,0.877,1.408,1.24,1.269,1.111,1.191,1.144,1.242,0.434,1.214,0.757,0.812,1.443,1.546,0.459,1.036,
273.000,61.36,15.732,7.757984,19.19093,8.826474,2.359621,8.750899,3.590105,2.438,3.445,1.845,1.97,1.124,1.539,1.416,2.2,1.038,1.585,1.606,1.232,1.677,0.585,1.294,1.47,1.229,1.492,1.366,1.282,1.607,0.883,0.948,1.165,0.806,0.89,1.089,1.339,0.696,1.213,0.572,0.731,1.293,
274.000,46.885,26.751,6.561,16.45786,5.355457,1.115778,9.186038,3.401144,2.613,2.305,2.317,1.647,2.478,1.704,1.736,1.438,1.494,1.422,2.049,1.534,1.416,1.622,1.089,1.438,1.759,1.489,1.721,1.454,1.224,1.495,0.925,0.732,0.684,0.767,0.625,0.857,0.96,0.855,1.179,0.605,0.742,
275.000,32.378,51.03,9.483,11.01674,5.459636,3.60884,6.58219,5.290441,2.542,3.152,1.901,0.884,1.233,2.237,1.857,1.361,0.754,1.332,1.364,1.455,1.686,1.008,1.844,1.125,1.351,1.869,1.366,1.151,1.259,1.396,1.345,0.749,1.083,0.794,0.775,0.568,1.095,0.583,0.987,1.269,0.713,
276.000,28.641,49.787,12.989,10.83111,7.537832,2.96631,8.222383,5.173014,2.248,2.855,0.937,0.668,1.889,1.924,1.889,1.718,1.779,1.571,1.249,0.993,1.256,1.514,1.78,2.497,1.283,0.844,1.323,1.687,1.185,0.885,1.064,1.13,0.802,1.013,1.166,1.378,0.742,1.017,0.847,0.96,0.846,
277.000,6.464,71.661,5.945,10.84594,7.172352,3.595319,6.847774,5.714822,2.403691,2.397,3.222,1.467,1.662,1.76,1.468,1.729,1.476,1.634,1.826,1.16,1.112,0.874,1.509,1.23,1.098,1.103,1.409,1.099,0.92,0.926,1.299,1.015,1.316,1.17,0.852,0.864,0.693,1.055,0.919,1.115,0.901,
278.000,8.94,78.345,7.235,9.148676,9.858381,4.239257,7.916108,4.415467,1.678183,1.862,2.035,1.53,1.553,1.816,1.088,0.614,1.414,1.23,1.31,1.636,1.231,1.065,1.276,1.365,1.438,1.338,0.936,1.31,1.009,1.228,0.773,1.078,1.131,0.808,0.706,0.695,1.199,0.884,0.775,0.935,0.65,
279.000,7.192,63.511,12.519,5.675,9.354292,4.954487,7.204354,5.583378,1.837173,2.927,1.543,2.173,1.963,3.038,2.05,1.042,0.99,1.246,1.602,1.78,0.897,0.823,1.193,1.498,1.396,1.682,1.149,0.88,0.732,0.688,0.678,0.872,0.755,1.014,0.631,1.138,0.799,1.002,0.826,0.886,0.823,
280.000,4.154,56.774,26.424,4.77,7.076926,4.581913,8.985348,2.954611,1.354214,2.977,2.419,2.224,0.928,1.574,0.771,1.429,1.075,0.938,1.802,0.904,1.323,0.967,1.435,1.228,1.042,1.225,1.349,1.043,1.294,0.99,1.293,0.723,0.793,0.827,0.667,0.815,0.946,0.835,0.52,0.895,0.676,
281.000,11.907,44.645,31.43,7.425,5.667404,2.267398,8.310763,2.58429,2.704309,2.287,1.632,2.357,1.839,1.659,2.034,1.338,1.505,1.107,1.215,1.713,1.393,1.183,0.748,2.172,1.029,1.181,0.935,1.125,1.383,0.964,0.591,0.698,0.852,0.851,0.865,0.808,1.026,0.957,0.771,1.169,0.993,
282.000,6.413,27.89,67.224,4.277,7.044257,5.33658,10.45779,1.809463,2.160037,2.877079,1.847,0.743,0.749,1.882,0.925,1.918,1.265,1.493,1.099,1.112,1.13,1.366,1.211,1.126,0.584,1.251,1.242,1.25,0.677,1.224,0.975,1.066,1.148,0.825,0.822,1.058,0.739,1.013,0.788,0.855,0.872,
283.000,4.987,20.414,79.228,6.066,6.449088,4.722269,9.074421,3.764969,1.607715,2.761264,2.124,1.175,1.393,1.06,1.3,0.758,1.744,1.436,1.183,1.341,1.126,1.727,1.218,1.327,1.158,1.617,0.777,1.41,0.901,0.85,1.026,0.585,0.884,0.849,0.571,1.3,0.759,1.091,0.546,0.946,0.812,
284.000,5.865,7.701,75.392,9.18,4.308,5.576014,7.157661,3.150105,1.535161,2.744751,3.084,1.863,0.999,1.129,1.311,1.164,0.951,1.371,0.762,0.931,1.311,1.2,1.268,1.357,0.963,1.225,1.245,0.959,0.842,1.053,0.669,0.801,0.715,1.089,0.955,0.802,0.604,0.793,0.871,0.587,0.616,
285.000,8.646,8.999,68.153,12.824,8.564,4.620018,8.108571,3.617216,1.885904,2.428202,2.515,1.624,0.776,1.191,0.895,1.396,1.25,1.294,1.107,1.392,0.784,0.84,0.833,1.136,1.464,1.678,0.793,0.905,0.66,0.807,0.804,0.877,0.968,0.769,0.964,0.642,0.649,1.165,0.717,0.908,0.576,
286.000,6.041,8.642,50.511,26.138,5.979,4.65692,7.889838,3.469014,1.947477,3.06173,1.182,2.312,1.32,1.593,1.194,1.227,1.34,1.565,1.079,0.911,1.076,1.26,1.15,1.36,0.723,1.152,1.34,0.942,0.859,1.148,0.758,0.875,0.567,0.939,0.995,0.88,0.719,0.735,1.029,0.978,0.728,
287.000,7.163,6.572,47.075,37.482,5.278,6.871131,10.1314,2.93724,2.534569,2.370274,2.424804,1.396,2.108,0.726,0.856,0.858,0.624,1.643,1.47,1.351,1.155,0.882,1.466,1.164,0.603,0.687,1.09,1.078,0.786,1.07,0.897,0.917,0.613,0.787,0.592,0.673,0.977,0.987,0.916,0.773,0.728,
288.000,5.955,6.941,28.24,52.133,5.178,5.695813,9.181744,4.232378,2.423203,1.847007,1.683693,1.569,1.343,1.038,1.417,1.312,1.097,1.39,0.857,0.619,0.874,0.851,0.992,1.036,0.894,0.992,0.935,0.986,0.903,0.646,0.679,0.909,0.826,1.117,0.766,0.637,0.643,0.737,0.501,0.68,0.842,
289.000,8.219,4.941,12.334,69.973,7.978,4.295,8.375802,3.547474,1.964672,2.723946,1.697543,1.359,1.557,0.862,1.81,0.894,0.684,0.883,1.551,1.23,1.407,1.473,0.887,1.162,0.851,0.801,1.039,0.816,0.959,0.781,1.015,0.604,0.868,0.845,0.763,0.695,0.849,0.863,0.68,0.859,0.529,
290.000,5.666,6.431,8.939,78.458,9.083,5.73,8.179016,4.82523,2.535744,2.847897,1.872177,1.031,1.179,0.323,1.17,1.227,1.862,0.778,0.847,1.086,0.748,0.973,1.238,0.91,1.141,0.904,1.146,0.826,0.828,0.972,0.729,1,0.483,0.889,0.863,0.664,0.601,0.591,1.111,1.033,0.725,
291.000,7.017,7.197,6.421,62.892,9.435,4.581,7.521391,3.273795,2.104082,2.482594,1.490863,1.564,1.759,1.231,0.926,1.153,1.275,0.985,1.012,0.598,0.551,1.122,0.98,0.737,1.205,1.129,1.126,1.081,0.946,1.033,0.617,0.721,0.915,0.758,0.914,0.745,0.526,0.743,0.641,0.902,0.623,
292.000,7.008,6.266,7.324,46.186,16.974,4.588,6.261087,2.310983,2.126659,2.797379,1.594782,1.26578,1.381,1.349,1.299,1.336,1.645,1.004,0.42,0.907,1.108,1.179,0.832,1.049,1.389,0.992,1.074,0.993,1.165,0.652,1.051,0.631,0.765,1.057,0.734,0.408,0.667,0.531,0.757,0.859,0.864,
293.000,6.186,5.352,6.327,39.225,28.44,5.687,5.205866,4.29012,2.797282,1.892722,1.541144,1.632524,1.423,1.01,1.296,1.056,0.994,0.959,1.892,1.223,1.2,0.564,1.23,1.155,1.004,1.019,0.945,0.746,0.933,0.936,0.496,0.731,0.96,0.893,0.764,0.775,0.668,0.711,0.943,0.794,0.656,
294.000,6.965,5.568,5.445,19.817,40.052,5.42,5.725,2.674474,2.919496,1.779882,1.34472,1.57304,1.332,1.123,0.754,0.884,1.243,0.909,1.088,1.161,0.983,1.08,1.118,1.13,0.87,0.886,0.839,0.962,0.643,0.64,0.777,0.607,0.814,0.923,0.921,0.831,0.741,0.718,0.871,0.518,0.555,
295.000,5.86,5.464,3.353,9.045,54.207,5.712,2.435,2.972489,3.023849,2.235966,0.9051344,1.217195,1.651,1.974,1.221,1.005,1.268,0.995,1.225,1.708,0.683,0.784,1.168,0.898,0.952,1.267,0.791,0.895,1.027,0.598,0.666,0.794,0.753,0.728,0.299,0.719,0.783,0.83,0.62,0.56,0.501,
296.000,4.304,7.168,5.826,5.325,59.517,8.4,4.713,5.60238,2.681517,1.846842,1.238743,1.43684,1.016,1.105,1.523,0.709,0.706,1.177,1.172,1.02,1.182,1.056,0.826,1.072,0.543,0.907,1.159,0.887,0.84,0.603,0.991,0.852,0.685,0.672,0.703,0.54,0.997,0.75,0.707,0.486,0.607,
297.000,8.616,4.014,6.29,6.362,58.734,8.172,2.874,4.757174,3.421201,1.423674,2.002676,0.4874994,1.377581,1.345,1.281,1.587,1.095,1.144,0.974,0.863,1.128,0.888,1.099,0.875,0.676,0.679,0.774,0.931,0.838,0.576,0.508,0.641,0.49,0.904,0.593,0.622,0.685,0.747,0.706,0.624,0.676,
298.000,7.411,4.355,5.87,4.83,54.59,18.094,4.764,3.021665,2.932978,1.694177,0.3810307,0.9506819,1.087437,1.883,1.295,1.001,0.855,0.886,0.685,0.709,1.289,1.3,1.056,0.715,0.794,0.741,0.789,0.961,0.938,0.638,0.775,0.544,0.823,0.917,0.622,0.562,0.845,0.534,0.697,0.549,0.608,
299.000,6.968,6.209,3.208,5.047,40.467,29.2,5.489,3.504,3.028344,1.184127,0.6861449,1.017855,0.9855288,0.525,1.003,1.132,1.03,0.672,0.926,0.931,0.924,0.657,1.216,0.827,0.804,1.03,0.601,0.738,1.163,0.927,0.53,0.712,0.675,0.543,0.559,0.726,0.568,0.981,0.574,0.576,0.494,
300.000,3.113,6.993,4.138,5.438,24.774,37.877,6.659,3.696,3.009346,1.723545,1.292853,1.014939,1.994895,0.469,0.915,1.145,0.818,1.581,1.197,1.17,1.376,0.758,0.936,1,1.272,0.632,0.788,0.925,0.746,0.815,0.596,0.911,0.674,0.443,0.754,0.651,0.808,0.727,0.984,0.872,0.807,
301.000,4.273,5.44,3.665,4.951,15.333,50.675,3.288,1.975,3.208666,1.869096,1.548633,0.6304354,1.264006,0.839,1.121,1.222,0.832,1.318,0.679,1.047,1.309,0.66,1.158,0.902,0.821,1.425,1.061,1.119,0.53,0.747,0.384,0.866,0.674,0.633,0.502,0.823,0.546,0.556,0.674,0.556,0.372,
302.000,7.574,2.607,4.474,4.369,9.721,56.827,6.305,4.271,3.943217,2.240605,0.9079532,0.7216899,1.975255,-0.002356748,1.483,1.083,0.707,0.954,1.156,1.482,0.73,0.928,0.555,0.86,0.892,0.931,1.05,0.422,0.933,0.751,1.039,0.6,0.569,0.722,0.691,0.759,0.822,0.665,0.579,0.542,0.684,
303.000,8.382,2.883,5.737,4.166,5.826,57.225,9.893,3.064,3.32585,2.074141,1.603999,0.3540527,1.596149,0.1725488,1.065,1.404,0.924,1.302,1.04,1.096,0.867,0.864,1.164,0.819,0.975,0.908,0.877,0.766,0.937,0.878,0.806,0.885,0.635,0.638,0.679,0.552,0.819,0.696,0.597,0.788,0.627,
304.000,7.019,5.238,7.196,3.728,7.201,42.271,19.233,3.132,3.184,1.729761,0.6586311,0.1419434,1.464121,-0.06521657,1.084,0.887,0.949,1.059,0.89,1.078,1.217,0.931,1.453,0.939,0.873,0.928,0.976,0.727,0.893,0.759,0.391,0.937,0.728,0.466,0.592,0.557,0.522,0.416,0.432,0.566,0.51,
305.000,6.37,4.146,2.005,6.081,6.058,33.64,22.592,2.517,2.054,1.621015,1.78807,0.5804593,1.289901,-0.01530423,0.674,0.9,0.81,0.931,0.543,0.888,0.693,0.87,1.127,0.508,1.025,0.848,0.787,0.959,0.834,0.832,0.868,0.392,0.694,0.6,0.557,0.733,0.708,0.584,0.573,0.431,0.63,
306.000,4.326,6.596,3.652,2.857,5.252,25.23,29.634,3.572,3.063,1.558987,1.076455,0.713601,1.728559,0.6992803,1.056,1.11,1.327,0.844,0.883,0.983,1.026,1.216,0.885,1.241,0.887,0.522,0.805,1.076,1.048,0.517,0.667,0.797,0.511,0.524,0.72,0.455,0.698,0.403,0.626,0.863,0.444,
307.000,5.423,3.935,6.021,4.726,4.88,10.725,48.076,3.546,2.945,2.278833,0.7433686,1.009029,1.692891,0.4277426,0.8955324,0.783,1.406,0.75,0.785,0.879,0.814,1.36,0.921,1.241,0.551,0.9,0.841,0.819,0.886,0.648,0.936,0.463,0.604,1.184,0.704,0.77,0.829,0.817,0.614,0.862,0.565,
308.000,5.325,6.579,5.934,3.5,4.193,9.328,47.613,4.913,3.091,1.476857,0.9073223,0.5260737,1.904101,-0.09012797,0.8743878,0.61,0.539,1.363,0.804,1.019,1.127,1.173,0.98,1.074,0.814,0.683,0.623,0.893,0.623,0.894,0.654,0.926,0.58,0.548,0.379,0.628,0.501,0.65,0.656,0.723,0.653,
309.000,4.151,3.182,5.267,5.897,4.334,9.374,46.583,8.456,2.039,2.621,1.281012,1.379191,2.119412,-0.1454129,0.4478749,0.448,0.965,0.908,1.005,1.346,0.914,0.956,1.097,0.912,1.024,0.418,0.718,0.689,0.957,0.69,0.718,0.706,0.568,0.764,0.506,0.619,0.724,0.657,0.605,0.784,0.488,
310.000,11.406,5.276,1.722,4.81,2.924,4.608,40.634,12.508,2.499,1.918,1.659902,0.4664584,2.292192,-0.4391783,0.7042582,1.278,0.405,1.39,0.736,0.938,1.101,0.969,0.935,0.793,1.107,0.91,0.649,0.674,0.54,0.537,0.451,0.612,0.82,0.825,0.371,0.591,0.617,0.746,0.805,0.767,0.732,
311.000,3.071,6.151,7.952,3.629,4.532,4.493,31.156,18.882,2.84,3.242,1.137969,0.7611328,1.800484,0.116509,0.777288,0.823,0.956,0.887,0.537,1.029,0.659,0.508,0.633,0.791,0.697,0.668,0.673,0.845,0.72,0.98,0.499,0.663,0.361,0.42,0.668,0.756,0.728,0.573,0.639,0.521,0.389,
312.000,4.72,5.718,4.942,4.578,5.409,4.157,23.357,28.979,3.37,3.065,2.561576,0.3191021,2.366492,1.098033,0.6712528,1.392413,1.168,0.848,0.83,0.684,1.112,0.991,0.704,0.724,1.266,0.795,1.243,0.752,0.727,0.69,0.671,0.637,0.663,0.563,0.468,0.719,0.493,0.763,0.735,0.514,0.504,
313.000,10.672,4.03,2.395,6.002,6.437,4.658,12.656,39.085,3.329,0.995,2.298161,1.56379,2.46027,1.152758,0.5108792,1.562969,0.585,0.804,0.984,1.504,0.855,0.76,0.736,0.722,1.031,0.476,0.854,0.724,0.948,0.772,0.824,0.762,0.603,0.735,0.581,0.623,0.74,0.673,0.638,0.453,0.69,
314.000,5.855,2.254,3.787,3.801,5.774,4.8,9.233,41.8,4.257,2.144,2.269,1.009543,2.358343,1.221794,0.4662887,0.7249497,0.28,0.547,0.728,0.842,0.593,0.921,1.023,0.882,0.605,0.956,0.937,0.891,0.62,0.588,0.536,0.426,0.64,0.597,0.551,0.525,0.366,0.779,0.409,0.533,0.513,
315.000,9.076,3.852,4.744,4.848,5.142,6.322,8.426,45.878,7.839,3.19,2.413,1.382172,2.422935,-0.116432,0.9651751,0.5586765,0.933,1.021,0.545,1.043,0.848,0.929,0.672,0.861,0.665,1.05,0.787,0.87,0.688,0.502,0.629,0.622,0.969,0.757,0.451,0.51,0.376,0.442,0.527,0.701,0.534,
316.000,5.398,4.082,6.208,5.267,5.46,4.425,5.503,39.185,11.29,4.322,3.203,1.85475,2.816418,2.920587,0.7425524,1.047678,0.918,0.719,0.823,0.851,1.073,0.702,0.96,0.56,0.62,0.799,0.758,0.8,0.58,0.481,0.907,0.694,0.488,0.611,0.518,0.652,0.791,0.821,0.578,0.568,0.707,
317.000,5.063,3.547,7.392,4.805,5.468,4.119,4.99,30.591,19.27,3.386,3.681,2.303092,2.794467,1.094786,0.7692688,0.8607911,0.6997412,1.114,0.847,0.964,0.765,0.798,0.885,0.828,0.721,0.759,0.669,0.822,0.674,1.036,0.754,0.49,0.88,0.528,0.544,0.677,0.52,0.604,0.519,0.484,0.347,
318.000,8.916,4.952,4.413,5.297,4.434,4.648,4.654,22.714,28.149,5.188,3.603,2.465656,2.776666,0.2252151,1.02508,0.8979708,0.6567832,0.81,0.821,0.952,0.547,0.799,0.686,0.794,0.494,0.868,0.886,0.871,0.613,0.467,0.714,0.509,0.567,0.617,0.646,0.591,0.503,0.585,0.436,0.503,0.78,
319.000,5.723,5.621,6.336,4.898,6.014,4.196,5.367,14.386,33.755,3.625,2.019,2.542,2.71058,1.024964,0.7584789,0.7444092,0.2982454,0.727,0.626,0.655,0.776,0.693,0.94,1.016,1.107,0.778,0.652,0.684,0.484,0.809,0.651,0.631,0.674,0.588,0.531,0.584,0.549,0.617,0.553,0.605,0.608,
320.000,5.04,7.325,7.667,9.052,5.682,4.639,5.171,11.238,44.349,5.483,4.164,2.264,3.011629,2.506417,0.9681741,0.650629,0.7919939,0.63,0.717,0.997,1.018,0.53,1.063,0.608,0.708,0.608,0.774,0.614,0.795,0.839,0.953,0.702,0.56,0.703,0.511,0.618,0.435,0.449,0.357,0.677,0.675,
321.000,5.538,8.333,4.724,5.788,5.918,6.485,5.946,9.743,43.854,6.449,3.367,4.233,3.281058,1.378052,1.066261,1.173967,0.3513138,0.763,0.902,0.818,0.804,0.412,0.887,0.996,0.936,0.535,0.55,0.74,0.5,0.376,0.659,0.603,0.465,0.64,0.731,0.547,0.691,0.57,0.687,0.707,0.605,
322.000,7.297,6.349,6.442,7.485,6.765,6.886,5.202,6.785,38.592,11.1,5.057,3.682,3.311232,2.976307,1.447836,0.4908542,0.3055112,0.6744312,1.126,0.691,0.538,0.852,0.725,0.622,0.663,0.904,0.716,0.804,0.742,0.671,0.661,0.69,0.438,0.38,0.489,0.5,0.571,0.662,0.558,0.535,0.393,
323.000,7.68,7.211,4.165,5.837,6.102,5.717,6.383,8.462,33.811,16.775,3.95,4.272,3.125974,1.449115,1.263748,0.802406,0.6900548,0.2464,0.725,0.675,1.194,0.814,0.761,0.783,0.867,0.9,0.601,0.618,0.789,0.728,0.625,0.596,0.915,0.502,0.55,0.745,0.674,0.419,0.353,0.714,0.535,
324.000,6.304,6.637,8.108,6.324,6.631,4.985,5.042,5.977,23.832,24.229,4.003,4.064,3.473,1.879292,1.514593,0.6940534,0.3764246,0.6803063,0.66,0.306,0.902,0.613,0.527,0.756,0.701,0.754,0.494,0.589,0.554,0.642,0.745,0.36,0.466,0.523,0.306,0.557,0.588,0.448,0.475,0.485,0.518,
325.000,6.595,5.534,5.21,6.734,6.309,5.762,8.969,8.1,15.832,34.291,5.07,5.165,3.658,2.32759,1.647646,1.152266,0.4303712,0.1596822,0.711,0.722,0.948,1.201,0.916,0.737,0.7,0.779,0.958,0.58,0.28,0.835,0.598,0.722,0.573,0.736,0.436,0.578,0.621,0.524,0.668,0.674,0.399,
326.000,7.143,6.58,7.173,7.034,9.024,7.381,6.449,9.62,10.022,39.897,6.265,5.713,2.804,2.903398,1.635732,0.6035013,0.3391316,0.4273359,0.67,0.678,0.847,1.301,0.877,0.601,0.971,0.979,0.615,0.762,0.665,0.639,0.649,0.67,0.402,0.567,0.566,0.416,0.474,0.308,0.527,0.715,0.44,
327.000,10.33,7.512,6.859,8.84,8.545,7.912,6.532,7.805,7.523,38.476,8.121,5.339,3.711,3.32895,1.581268,1.13943,0.5133075,0.2486079,0.1975185,0.846,0.962,0.671,0.803,1.329,0.878,0.81,0.546,0.526,0.735,0.326,0.557,0.436,0.68,0.289,0.456,0.531,0.544,0.467,0.495,0.547,0.568,
328.000,9.884,7.987,8.629,7.32,7.912,5.247,7.327,8.488,10.092,37.475,10.979,3.874,3.279,1.791147,1.931674,0.4626147,0.8781082,0.5879654,0.1659974,0.609,0.754,0.948,0.904,0.431,0.675,0.558,0.698,0.5,0.458,0.65,0.688,0.403,0.309,0.628,0.639,0.464,0.605,0.674,0.384,0.661,0.369,
329.000,9.073,7.553,6.964,6.901,11.544,8.453,7.711,9.671,9.068,29.408,15.474,5.803,4.13,2.513,1.504271,0.8683535,0.8196816,0.1971522,0.540909,0.961,0.529,0.851,0.8,0.885,0.79,0.481,0.701,0.593,0.736,0.599,0.833,0.627,0.758,0.424,0.261,0.459,0.47,0.503,0.489,0.422,0.465,
330.000,6.295,7.059,8.621,5.792,10.742,7.686,7.816,9.61,6.911,26.343,20.356,5.596,4.152,2.192,1.967667,0.6781551,0.9374929,0.3015136,-0.1867916,0.478,0.493,0.619,0.509,0.822,0.76,0.511,0.645,0.465,0.779,0.535,0.643,0.743,0.67,0.425,0.309,0.732,0.745,0.313,0.508,0.489,0.393,
331.000,7.53,9.491,6.136,7.351,6.605,8.144,8.066,8.999,10.114,16.42,24.158,5.711,4.301,4.302,2.258937,0.2792826,1.052538,0.2438721,0.3598838,0.754,0.833,0.844,0.704,0.667,0.724,0.569,0.614,0.645,0.565,1.002,0.499,0.535,0.326,0.69,0.748,0.463,0.503,0.633,0.734,0.714,0.539,
332.000,10.059,7.052,7.658,8.984,9.451,7.97,7.381,7.438,8.569,14.278,33.173,7.085,4.375,2.842,1.984314,1.028236,0.8816508,0.4987265,0.2325289,0.5694175,0.535,0.639,0.854,0.812,0.661,0.653,0.685,0.622,0.619,0.743,0.685,0.518,0.694,0.585,0.418,0.471,0.505,0.434,0.425,0.399,0.586,
333.000,5.885,10.96,4.378,7.677,8.53,7.91,8.809,9.065,8.23,10.769,36.837,8.499,4.19,3.421,2.314982,0.7162315,1.034209,0.3845197,0.09577123,0.4989191,0.662,0.972,0.788,0.843,0.92,0.729,0.834,0.891,0.707,0.458,0.575,0.404,0.576,0.554,0.399,0.563,0.472,0.535,0.379,0.447,0.624,
334.000,8.964,6.964,6.941,5.994,8.098,8.766,7.058,9.373,7.474,10.974,35.612,9.698,5.2,2.843,1.733,0.8192913,0.6927974,0.3181647,-0.07008821,0.8216767,0.647,0.572,0.504,0.764,0.655,0.566,0.746,0.377,0.449,0.951,0.761,0.615,0.628,0.499,0.688,0.441,0.697,0.606,0.555,0.483,0.562,
335.000,6.703,7.613,8.024,8.071,9.194,9.337,8.29,7.709,8.751,9.11,31.023,12.205,4.486,3.561,1.76,1.110682,0.9781326,0.2714004,0.1917306,0.5374447,0.613,0.689,0.717,0.463,0.662,0.725,0.475,0.943,0.801,0.456,0.423,0.72,0.493,0.503,0.645,0.534,0.474,0.299,0.63,0.484,0.419,
336.000,8.888,9.522,6.696,7.676,9.794,7.925,10.057,9.692,8.583,9.19,25.982,19.211,3.915,3.542,1.963,1.09422,0.848687,0.3040232,0.1778793,0.6879598,1.114,0.389,0.872,0.834,0.386,0.697,1.059,0.452,0.73,0.905,0.543,0.67,0.519,0.704,0.588,0.57,0.473,0.481,0.746,0.468,0.437,
337.000,6.885,10.582,8.43,9.72,10.555,7.585,9.524,8.14,11.026,8.346,17.547,23.364,4.424,3.217,1.921,1.096907,1.382153,0.4825948,0.3801659,1.287355,1.112904,0.678,0.93,0.681,0.819,0.8,0.801,0.786,0.333,0.656,0.865,0.731,0.755,0.443,0.512,0.557,0.562,0.396,0.684,0.505,0.617,
338.000,7.559,7.43,8.743,10.678,9.322,6.733,8.264,9.516,8.029,8.63,13.179,29.066,5.671,2.987,1.818,1.526985,0.9001445,0.417832,0.3831276,0.9504931,1.007129,0.687,0.816,0.754,0.606,0.568,0.8,0.547,0.434,0.476,0.993,0.65,0.59,0.656,0.464,0.493,0.742,0.55,0.518,0.61,0.5,
339.000,9.234,11.917,7.86,7.298,7.337,8.073,8.932,10.522,8.818,9.29,11.862,30.825,7.012,2.677,2.031,1.392,1.45441,0.6718805,0.7862777,1.171907,1.28658,0.767,0.604,0.844,0.488,0.575,0.357,0.5,0.533,0.734,0.589,0.473,0.76,0.489,0.434,0.519,0.627,0.583,0.492,0.444,0.653,
340.000,8.777,7.202,6.669,8.559,10.153,9.057,8.966,9.754,10.048,8.677,9.347,29.389,7.584,3.798,2.096,1.544,1.31004,0.4989716,0.3745825,1.140619,1.23501,0.716,0.904,0.726,0.734,0.617,0.695,0.557,0.642,0.606,0.579,0.581,0.513,0.682,0.426,0.392,0.534,0.477,0.324,0.518,0.408,
341.000,8.516,4.164,7.599,8.419,7.915,8.249,9.742,7.003,8.817,8.933,8.612,26.772,10.293,2.824,2.802,2.468,1.46167,0.6752684,0.3565557,1.196706,1.425917,1.18,0.731,0.783,0.661,0.812,0.894,0.592,0.797,0.569,0.468,0.484,0.47,0.507,0.426,0.414,0.46,0.552,0.363,0.344,0.465,
342.000,6.006,6.636,7.403,8.606,8.688,9.413,7.581,9.658,7.677,9.293,7.268,22.517,12.824,3.679,2.301,2.024,1.359277,0.7840896,0.4132358,0.8566567,1.38967,1.467834,0.7,0.988,0.872,0.83,0.697,0.492,0.757,0.799,0.54,0.497,0.575,0.526,0.569,0.555,0.408,0.364,0.49,0.49,0.407,
343.000,6.934,9.868,9.062,6.813,8.128,7.796,9.213,8.522,10.22,8.199,7.744,18.092,19.198,2.936,2.265,2.324,1.465884,1.000294,0.2865903,0.7931319,1.476373,1.273315,0.719,0.806,0.852,0.384,0.529,0.608,0.702,0.696,0.513,0.448,0.525,0.421,0.617,0.491,0.31,0.425,0.464,0.379,0.457,
344.000,8.574,7.068,6.564,7.963,7.657,7.797,9.656,10.108,8.511,8.015,9.82,12.209,23.539,3.769,1.766,1.796,1.776,0.886283,0.9911424,0.7761465,1.306613,1.27957,0.573,1.181,0.533,0.716,0.62,0.54,0.928,0.809,0.518,0.624,0.702,0.397,0.493,0.48,0.561,0.422,0.504,0.538,0.626,
345.000,8.148,8.802,7.751,7.923,7.156,9.51,9.004,7.275,7.287,7.825,8.389,9.235,25.152,4.849,2.099,2.028,1.232,1.217625,1.007703,1.427153,1.453278,1.42044,0.489,0.597,0.679,0.733,0.63,0.586,0.437,0.619,0.684,0.368,0.534,0.774,0.463,0.586,0.486,0.369,0.53,0.435,0.342,
346.000,8.376,5.355,8.599,7.181,7.6,9.721,9.234,9.748,9.02,8.008,7.42,8.09,25.254,5.658,2.642,1.674,1.891,1.129528,0.9148556,1.816946,1.660955,0.8472405,0.566,0.934,0.416,0.612,0.893,0.658,0.697,0.419,0.489,0.559,0.518,0.48,0.442,0.428,0.628,0.55,0.512,0.475,0.241,
347.000,8.829,7.628,7.892,7.675,6.637,8.97,9.559,7.825,9.23,9.526,9.741,6.843,25.689,7.641,2.014,1.743,2.059,1.434281,1.366264,1.825832,1.567982,1.399079,0.7023705,0.707,0.88,0.377,0.763,0.759,0.722,0.85,0.482,0.605,0.524,0.55,0.492,0.782,0.521,0.424,0.367,0.654,0.504,
348.000,3.237,8.322,8.111,9.058,6.386,8.085,8.296,7.609,9.284,8.046,8.19,7.394,19.906,9.489,2.619,2.089,2.457,1.49252,1.278617,1.51825,1.839544,0.9854326,0.4384958,0.753,0.635,0.35,0.479,0.53,0.431,0.569,0.733,0.639,0.499,0.574,0.565,0.58,0.488,0.654,0.492,0.442,0.418,
349.000,5.935,7.178,7.275,9.981,6.871,7.465,8.357,9.989,8.754,9.681,8.723,6.917,17.292,15.229,3.164,2.531,2.195,1.707,1.397035,1.861645,1.771283,1.790722,0.6363241,0.79,0.532,0.586,0.519,0.511,0.707,0.524,0.617,0.624,0.501,0.581,0.634,0.664,0.692,0.596,0.451,0.617,0.399,
350.000,5.871,5.4,8.878,7.497,7.697,7.764,7.494,8.609,8.596,8.732,6.469,6.422,11.086,21.232,3.738,2.598,2.377,1.69,1.561656,1.969794,1.868953,1.840477,0.4975903,0.742,0.55,1.003,0.49,0.711,0.642,0.629,0.716,0.527,0.391,0.493,0.379,0.577,0.369,0.571,0.443,0.405,0.398,
351.000,7.972,8.826,7.786,5.878,6.944,9.432,7.743,7.404,8.729,8.377,8.964,7.043,7.708,22.686,4.158,1.925,2.737,2.274,2.163627,2.357426,2.040047,1.703467,0.5380872,0.653,0.608,0.607,0.607,0.529,0.38,0.795,0.627,0.464,0.322,0.558,0.298,0.33,0.507,0.391,0.633,0.555,0.4,
352.000,4.953,4.655,8.637,9.623,8.4,6.888,7.031,8.21,9.733,8.792,7.752,6.044,5.74,22.652,5.059,2.68,2.946,2.39,2.264364,2.439121,2.202178,2.051932,0.4014123,0.585584,0.594,0.276,0.413,0.55,0.559,0.611,0.475,0.338,0.481,0.429,0.576,0.417,0.56,0.615,0.431,0.497,0.512,
353.000,8.949,5.237,8.153,7.921,7.437,7.822,8.727,9.454,7.753,7.659,6.894,6.649,6.588,20.665,7.477,3.017,3.422,2.742,2.548508,2.623095,2.211197,1.234565,0.8993091,0.4905264,0.783,0.73,0.631,0.556,0.601,0.536,0.401,0.405,0.536,0.48,0.597,0.305,0.448,0.588,0.48,0.325,0.403,
354.000,5.978,6.978,5.898,8.032,8.167,8.076,9.825,9.229,7.657,7.37,8.212,6.207,5.341,19.853,9.301,4.147,2.868,2.978,2.368,2.681944,2.474243,2.150673,0.8458242,0.4317344,0.616,0.511,1.043,0.529,0.909,0.533,0.337,0.497,0.656,0.645,0.413,0.377,0.424,0.514,0.353,0.527,0.413,
355.000,8.709,7.594,5.773,6.912,9.304,7.857,8.98,11.482,8.652,9.393,6.798,5.073,5.88,15.844,14.216,3.236,4.19,3.821,2.523,2.717424,2.472624,1.794156,0.782263,0.8005287,0.663,0.669,0.495,0.684,0.626,0.468,0.505,0.596,0.652,0.411,0.428,0.479,0.402,0.425,0.416,0.292,0.508,
356.000,9.188,6.566,8.366,6.313,7.091,9.381,7.689,7.864,8.547,9.613,7.689,6.347,6.134,11.775,17.325,3.935,3.831,3.546,3.91,3.318466,2.889172,2.135389,1.059106,0.3504197,0.824,0.934,0.745,0.56,0.63,0.576,0.647,0.5,0.538,0.415,0.597,0.683,0.72,0.525,0.545,0.434,0.324,
357.000,4.944,5.295,8.014,7.304,7.113,6.514,8.633,8.678,8.242,8.368,7.048,7.418,5.703,7.438,20.722,5.107,3.473,3.442,3.636,3.637314,2.879754,2.107506,1.094783,0.592562,0.8641418,0.568,0.766,0.652,0.646,0.506,0.446,0.323,0.563,0.505,0.517,0.376,0.518,0.349,0.417,0.37,0.334,
358.000,7.062,5.821,7.83,7.16,7.375,9.475,9.378,8.295,8.251,6.735,7.734,8.103,5.971,7.594,21.926,6.513,4.387,4.133,3.665,3.684303,3.055047,2.001962,1.290719,0.3865319,1.06752,0.751,0.626,0.694,0.422,0.494,0.597,0.429,0.395,0.406,0.441,0.497,0.396,0.429,0.611,0.445,0.476,
359.000,6.702,5.88,6.827,5.377,7.72,8.22,6.647,7.446,7.822,6.802,8.406,7.187,5.759,6.163,22.142,7.339,4.897,5.583,4.151,3.529,3.084211,2.238763,1.203061,0.8325984,0.8723465,0.947,0.613,0.761,0.543,0.461,0.428,0.481,0.418,0.472,0.551,0.545,0.632,0.404,0.504,0.308,0.225,
360.000,5.491,4.3,7.25,5.438,6.51,6.626,8.385,8.521,7.49,8.793,7.592,6.931,5.227,5.98,19.833,9.475,5.129,5.701,4.545,4.109,3.424371,2.639365,1.575687,0.6521099,1.102928,0.496,0.507,0.674,0.563,0.792,0.546,0.478,0.405,0.317,0.646,0.412,0.464,0.537,0.515,0.293,0.582,
361.000,6.714,8.706,6.156,7.081,8.147,6.602,8.335,10.041,6.841,8.822,7.432,6.924,6.918,6.993,15.768,14.516,5.932,5.769,4.946,4.655,3.709905,2.787347,1.590737,0.5946996,0.8403545,1.12,0.436,0.625,0.401,0.71,0.462,0.618,0.404,0.471,0.474,0.62,0.653,0.412,0.378,0.362,0.544,
362.000,6.235,7.781,6.323,7.67,5.385,8.81,5.886,7.063,8.147,8.533,8.864,7.634,6.572,6.144,12.345,16.045,6.114,6.325,6.296,4.816,4.079693,3.129094,1.885197,0.5094319,0.9705235,1.092488,0.581,0.593,0.634,0.368,0.554,0.515,0.551,0.504,0.501,0.558,0.381,0.44,0.362,0.302,0.297,
363.000,4.696,6.041,6.446,6.076,6.223,5.916,7.494,8.239,7.681,7.74,7.035,7.7,6.157,6.422,10.296,21.127,6.229,6.739,6.684,5.319,4.317532,3.394224,1.947038,0.7368118,1.220768,0.8894289,0.416,0.555,0.529,0.448,0.497,0.326,0.294,0.382,0.334,0.63,0.535,0.357,0.483,0.314,0.428,
364.000,6.786,6.491,6.323,7.235,7.658,6.039,10.004,8.725,8.743,8.03,8.814,7.056,7.318,6.778,8.905,22.765,8.784,7.235,5.824,4.824,4.683,3.070362,2.380466,0.6806408,1.25472,0.5591264,0.68,0.666,0.667,0.638,0.468,0.392,0.131,0.354,0.56,0.654,0.453,0.569,0.526,0.613,0.278,
365.000,7.237,5.742,4.967,6.511,6.098,7.491,9.399,8.227,7.317,8.828,8.152,7.3,7.53,7.339,7.277,23.422,9.774,6.689,6.984,5.774,4.903,3.132971,2.339506,0.9853891,1.205026,0.8800188,0.553,0.663,0.677,0.446,0.547,0.45,0.442,0.427,0.404,0.524,0.448,0.368,0.48,0.374,0.272,
366.000,6.364,7.132,5.984,6.864,6.994,9.106,9.002,7.452,8.474,8.77,6.719,8.376,6.116,7.983,7.201,22.385,11.654,7.417,6.204,5.875,5.039,3.934264,2.661753,0.8459291,1.242634,0.782481,0.86,0.612,0.493,0.713,0.481,0.497,0.432,0.36,0.478,0.335,0.418,0.471,0.549,0.317,0.313,
367.000,4.994,6.74,6.524,7.75,6.886,5.852,9.375,9.744,7.088,9.448,7.473,8.736,7.131,6.545,8.277,20.092,12.697,8.73,8.295,7.145,5.784,3.539604,2.722888,1.157736,1.387864,0.6445727,-0.1709956,0.496,0.654,0.583,0.7,0.293,0.475,0.508,0.565,0.5,0.536,0.317,0.307,0.361,0.438,
368.000,5.503,5.313,8.921,4.98,5.963,6.246,7.689,8.006,8.304,8.337,8.679,8.052,6.637,7.107,8.653,16.031,17.282,9.42,7.812,7.196,6.656,4.369082,2.997463,1.218101,1.512437,0.7361173,1.276832,0.647,0.46,0.541,0.402,0.632,0.47,0.505,0.418,0.335,0.513,0.523,0.406,0.422,0.451,
369.000,3.255,7.751,5.42,7.512,6.163,8.842,7.638,7.056,7.415,7.632,7.24,8.397,7.754,8.374,9.072,14.347,19.97,10.561,8.478,6.946,6.477,3.973,3.29052,1.671849,1.655799,0.2008587,0.914251,0.66,0.342,0.554,0.343,0.403,0.629,0.282,0.373,0.45,0.588,0.461,0.411,0.465,0.424,
370.000,5.167,7.399,7.752,4.553,7.91,6.954,7.344,8.996,8.855,8.93,8.229,8.067,8.217,7.75,9.009,11.253,23.859,10.724,8.583,7.859,6.44,5.222,3.519032,1.483102,1.888695,0.4718459,0.2095942,0.712,0.741,0.581,0.433,0.338,0.384,0.447,0.313,0.338,0.402,0.437,0.544,0.488,0.289,
371.000,6.586,6.874,6.188,4.532,5.637,6.693,5.326,6.995,8.893,10.368,9.126,8.403,7.367,8.713,9.12,10.898,22.673,12.215,8.779,8.921,8.025,5.978,3.860821,1.770575,2.05365,0.6605724,0.2644243,0.52,0.639,0.523,0.32,0.419,0.339,0.454,0.502,0.497,0.588,0.451,0.527,0.369,0.42,
372.000,6.17,8.156,7.198,4.331,6.338,7,6.903,7.333,8.608,9.738,7.673,6.931,7.598,9.266,8.185,10.763,22.537,14.413,8.612,9.419,7.669,5.771,4.227942,2.287803,2.653067,0.3409124,0.8758615,0.4051012,0.832,0.415,0.498,0.273,0.497,0.298,0.372,0.525,0.563,0.406,0.416,0.459,0.377,
373.000,8.266,7.864,7.127,5.969,7.551,6.854,8.63,8.154,8.045,8.712,7.003,7.298,9.075,9.747,9.303,9.931,23.321,16.566,10.485,9.217,7.899,6.289,4.614729,2.720735,2.590228,0.8444568,-0.2268376,0.5888016,0.721,0.42,0.521,0.539,0.465,0.432,0.381,0.502,0.522,0.461,0.546,0.484,0.243,
374.000,5.934,7.494,5.813,7.342,7.019,5.445,8.937,7.164,8.042,9.865,7.781,7.861,9.132,8.94,9.016,10.956,19.3,19.241,10.983,10.247,8.786,6.207,5.127,2.614774,3.104864,0.5631789,1.345486,0.4544187,0.497,0.546,0.554,0.448,0.5,0.514,0.396,0.615,0.448,0.39,0.514,0.285,0.337,
375.000,3.808,7.928,4.163,5.493,7.889,6.989,6.447,7.565,9.311,7.029,7.211,7.778,7.92,9.307,9.958,11.572,17.674,22.301,12.292,9.749,8.487,7.251,5.15,2.834029,3.40501,0.565824,0.4092759,0.5134226,0.58,0.531,0.562,0.534,0.398,0.41,0.478,0.368,0.439,0.263,0.401,0.403,0.211,
376.000,3.8,4.679,5.726,6.166,5.609,7.604,7.463,8.793,8.212,8.097,8.761,8.261,9.733,9.737,11.49,12.592,15.764,23.473,12.502,10.076,9.593,7.968,5.334,3.544064,3.352232,0.8192993,1.464409,0.9284794,0.805,0.568,0.644,0.488,0.537,0.401,0.372,0.522,0.431,0.266,0.342,0.381,0.341,
377.000,5.654,7.579,8.176,5.825,7.713,6.118,8.907,6.768,6.716,8.551,8.014,8.036,9.33,9.634,10.761,11.123,14.573,26.506,13.913,10.805,10.511,8.261,5.897,3.900213,3.855296,0.5567213,0.9997586,0.2592419,0.3845266,0.682,0.396,0.375,0.317,0.537,0.445,0.418,0.389,0.464,0.337,0.47,0.286,
378.000,6.107,6.731,4.23,3.802,5.684,7.822,7.797,7.792,9.27,8.993,10.102,8.185,9.436,10.266,10.487,12.279,13.512,26.666,15.755,11.585,11.22,9.159,6.623,4.407861,4.127242,1.946882,-0.4899177,0.5164687,-0.01018289,0.54,0.496,0.498,0.315,0.536,0.645,0.445,0.442,0.396,0.394,0.435,0.416,
379.000,7.359,7.435,5.364,5.719,6.405,5.955,6.959,8.53,7.739,9.666,8.018,9.149,10.196,10.673,10.477,12.78,13.588,25.454,17.771,11.502,11.463,9.529,7.946,5.223,4.897725,1.247342,0.325891,0.5006288,0.5723582,0.59,0.476,0.555,0.369,0.41,0.397,0.461,0.51,0.325,0.509,0.42,0.316,
380.000,5.442,7.736,5.261,7.085,7.361,9.082,7.2,7.805,7.929,8.946,9.135,9.68,9.585,10.896,12.058,12.724,15.863,22.919,20.266,13.97,13.194,10.064,8.76,5.416,4.957407,2.09744,-0.4267671,0.9888796,0.2011666,0.996,0.531,0.474,0.46,0.332,0.368,0.436,0.362,0.435,0.336,0.511,0.474,
381.000,5.478,7.482,6.038,4.585,6.84,6.813,7.301,8.771,8.536,9.405,7.665,10.192,10.874,11.48,12.576,13.884,15.035,20.854,23.221,15.027,13.373,10.835,8.66,6.386,5.479826,2.643512,0.2406899,0.7512457,0.5743296,0.808,0.592,0.609,0.383,0.524,0.409,0.349,0.422,0.372,0.447,0.383,0.357,
382.000,5.458,7.433,8.731,4.568,6.962,7.039,8.008,8.435,9.421,9.63,8.109,9.568,9.787,11.839,12.312,14.388,16.896,20.025,26.086,15.025,14.51,11.77,9.637,6.44,6.132012,2.926973,2.180865,0.9885382,1.04581,0.9821887,0.571,0.448,0.513,0.582,0.536,0.365,0.55,0.409,0.489,0.484,0.591,
383.000,7.38,7.93,7.047,7.898,6.404,7.727,7.275,8.207,7.628,10.827,9.205,10.196,10.491,13.643,13.642,16.051,17.894,19.77,29.121,18.742,14.883,12.469,10.239,8.209,6.566687,3.580888,2.662654,0.78807,0.4437468,0.9555377,0.573,0.51,0.346,0.553,0.331,0.539,0.403,0.318,0.493,0.399,0.43,
384.000,7.532,7.707,5.229,6.38,6.873,6.35,5.82,8.144,8.211,8.598,9.06,9.623,11.642,12.557,13.039,16.394,17.248,18.601,29.75,18.831,15.371,15.391,12.451,8.326,7.545,4.401604,3.085332,1.991719,-0.0385082,1.706012,0.548,0.714,0.436,0.511,0.384,0.514,0.285,0.397,0.416,0.269,0.339,
385.000,9.124,7.511,5.019,7.215,7.609,7.425,5.947,8.49,10.017,10.792,9.324,9.711,12.818,13.301,14.344,15.496,18.551,19.393,30.674,22.453,17.552,16.075,11.852,9.938,7.774,5.617358,3.85217,2.114793,0.453043,1.606656,0.643,0.524,0.483,0.471,0.431,0.44,0.439,0.601,0.325,0.303,0.421,
386.000,8.943,9.667,4.566,5.961,8.951,5.672,5.997,8.234,8.75,8.951,8.671,10.56,10.049,13.186,16.033,17.832,19.574,21.165,29.595,25.176,19.513,16.381,14.033,10.981,8.386,6.232885,3.829168,2.375264,0.9439632,1.667532,0.793,0.657,0.417,0.504,0.536,0.297,0.369,0.456,0.455,0.359,0.513,
387.000,10.829,8.135,5.305,5.962,7.625,5.671,7.944,8.689,9.874,9.367,10.475,10.235,12.84,15.155,15.549,17.682,21.572,19.204,28.713,27.784,20.872,19.063,14.887,12.33,9.603,7.702673,3.599641,3.270813,1.336155,1.926307,0.9635421,0.517,0.561,0.49,0.491,0.411,0.425,0.441,0.313,0.478,0.254,
388.000,8.444,9.887,7.308,8.335,7.368,6.552,8.523,9.545,9.957,9.664,9.46,11.023,11.73,15.413,15.508,19.024,22.55,23.976,26.774,29.831,23.235,20.898,17.64,14.253,11.224,8.881611,4.882815,3.433199,1.27928,1.809495,0.8209675,0.501,0.543,0.561,0.484,0.401,0.286,0.555,0.408,0.642,0.418,
389.000,10.56,7.017,5.821,6.641,7.47,6.882,7.015,7.675,8.593,9.965,10.897,11.929,15.592,16.253,17.195,19.928,22.67,24.438,27.234,38.058,23.858,22.735,19.257,15.836,12.3,10.034,5.657057,4.656895,2.342463,2.153032,1.302675,0.698,0.45,0.356,0.338,0.433,0.344,0.514,0.498,0.471,0.416,
390.000,8.087,12.403,7.469,5.355,5.696,6.759,9.053,9.177,8.616,11.404,12.28,11.793,13.051,14.905,19.133,21.129,24.203,25.037,29.399,36.461,27.023,24.16,20.685,16.328,13.746,10.654,7.704732,4.879183,2.190781,2.426238,1.390745,0.863,0.75,0.737,0.444,0.638,0.332,0.537,0.298,0.403,0.343,
391.000,13.064,12.681,8.143,6.945,7.793,8.505,8.534,8.296,8.153,8.759,10.075,12.532,13.453,15.669,18.365,22.459,25.649,25.801,29.79,40.537,31.784,27.426,22.965,19.126,16.715,12.272,8.259737,6.062788,2.533756,3.472978,1.315955,0.795,0.5,0.679,0.646,0.463,0.588,0.506,0.518,0.44,0.367,
392.000,11.289,14.565,9.296,6.526,6.015,8.243,7.528,9.465,8.924,11.504,10.746,12.909,13.764,18.09,19.585,24.469,28.107,30.514,30.954,42.364,35.305,30.513,26.936,22.221,17.499,14.098,10.68601,7.030958,3.243111,3.070647,2.344474,1.194978,0.729,0.52,0.471,0.56,0.349,0.524,0.395,0.431,0.566,
393.000,16.263,9.531,8.606,5.752,6.164,6.163,6.37,8.733,9.375,9.989,11.617,13.14,14.378,17.894,21.918,24.629,28.398,34.017,35.85,42.917,42.503,31.353,29.231,24.882,18.91,14.824,12.01172,8.093249,3.991478,4.459523,2.361411,1.162436,0.768,0.791,0.597,0.754,0.463,0.498,0.508,0.294,0.387,
394.000,17.934,10.89,9.28,7.432,6.466,8.631,7.767,10.819,13.11,10.446,10.731,16.292,15.382,17.925,22.212,27.978,31.466,36.625,37.929,44.872,46.759,35.471,31.996,26.906,22.364,17.229,11.76,9.02288,4.694024,4.973984,2.409237,1.569401,0.983,0.563,0.485,0.449,0.572,0.575,0.443,0.571,0.509,
395.000,14.705,15.477,13.037,9.577,6.928,7.98,7.315,8.747,10.287,10.695,11.917,13.812,17.775,22.187,24.862,27.543,33.311,38.714,42.055,46.709,52.723,40.924,35.773,30.373,25.185,20.502,16.177,10.38943,5.776217,5.437238,2.81075,1.372873,0.834,0.484,0.52,0.542,0.466,0.563,0.539,0.481,0.513,
396.000,20.257,20.162,15.187,8.197,8.613,8.48,9.501,8.882,8.889,12.578,14.254,15.37,17.98,20.951,27.239,34.193,37.494,41.475,44.767,49.328,58.232,44.64,39.789,35.316,29.038,22.005,15.612,11.49329,6.600307,5.647519,2.95267,1.844181,1.052,0.692,0.553,0.551,0.578,0.549,0.489,0.45,0.547,
397.000,21.47,17.245,11.08,8.9,8.284,7.052,8.039,10.81,11.109,10.753,13.855,13.896,18.542,23.923,27.857,33.529,40.093,47.901,51.795,52.664,58.455,51.354,43.759,38.825,32.946,25.292,19.175,13.51816,7.8731,6.490089,3.826729,1.991726,1.127361,0.869,0.631,0.588,0.38,0.371,0.356,0.407,0.328,
398.000,22.927,20.384,14.173,12.552,9.951,8.641,8.358,10.409,12.574,12.209,14.66,17.202,21.672,24.175,30.431,40.068,46.075,49.115,55.425,58.319,68.468,58.212,49.177,45.222,34.708,29.295,21.94,15.09809,9.009291,7.534391,4.13666,2.738236,1.430514,0.731,0.591,0.39,0.441,0.416,0.506,0.512,0.482,
399.000,28.115,23.428,18.313,10.299,8.981,8.839,9.876,10.699,11.017,12.103,14.387,15.871,22.666,26.181,32.358,42.176,47.281,54.091,63.756,64.019,69.485,63.882,53.706,47.84,40.271,32.955,23.637,16.96,10.3541,7.735539,4.73031,2.481495,1.522448,0.684,0.582,0.365,0.565,0.642,0.468,0.519,0.342,
400.000,24.224,22.589,16.684,13.626,7.945,11.211,12.147,11.232,11.916,13.138,14.749,17.289,21.982,31.425,34.802,46.653,52.32,62.075,66.593,73.438,74.627,73.784,60.714,54.452,45.544,37.018,26.301,18.769,11.72898,8.36431,5.291265,2.322264,1.791851,0.915,0.619,0.507,0.385,0.548,0.579,0.594,0.464,
401.000,34.524,28.025,24.837,13.898,11.62,7.933,9.892,12.574,13.041,15.791,17.101,18.837,24.961,30.609,41.713,49.067,57.203,66.675,72.665,79.007,77.969,81.459,68.688,59.998,49.767,41.077,32.411,20.615,13.54416,9.150869,6.047563,3.308457,2.075978,1.012,0.632,0.455,0.449,0.419,0.455,0.387,0.402,
402.000,37.581,28.221,20.047,13.301,11.569,9.709,10.259,11.533,12.868,14.208,16.343,20.885,25.997,31.856,42.111,56.056,64.269,70.706,78.417,86.859,88.016,88.525,76.731,67.085,57.495,45.985,34.819,23.961,15.54203,10.80074,6.131973,3.417417,2.090254,0.9649789,0.731,0.639,0.465,0.511,0.567,0.42,0.274,
403.000,40.067,35.263,23.246,14.013,12.253,12.191,11.071,11.635,14.089,15.286,18.521,22.463,28.304,36.68,43.038,55.197,66.551,81.014,87.661,89.71,96.754,94.381,83.761,73.724,61.97,50.102,38.423,27.343,17.73935,11.72326,7.137504,4.100128,2.836278,1.073373,0.734,0.717,0.436,0.568,0.699,0.384,0.442,
404.000,35.515,39.966,21.247,18.002,9.511,12.332,10.756,11.795,12.41,15.969,18.393,23.396,29.112,38.832,48.232,63.564,76.332,89.911,98.022,104.548,103.233,107.361,92.795,83.432,73.1,56.106,43.594,29.629,18.816,12.76787,8.131532,4.822476,2.819294,1.07018,0.608,0.507,0.581,0.552,0.31,0.249,0.345,
405.000,49.967,46.337,26.425,15.535,11.072,10.871,11.008,12.388,14.396,15.488,20.2,22.628,33.639,41.198,51.746,67.82,82.346,95.799,105.684,109.018,114.361,113.925,105.459,91.361,77.142,63.107,47.66,34.139,22.475,14.12788,8.605668,5.511713,3.390562,1.403912,0.767,0.685,0.705,0.467,0.316,0.443,0.345,
406.000,50.354,41.361,26.862,16.419,13.019,13.324,9.877,14.108,16.627,16.721,21.442,26.275,34.142,45.44,53.378,70.68,87.24,101.202,116.367,120.385,119.892,123.035,112.206,99.133,82.481,65.659,51.821,37.835,24.065,15.64943,9.556162,5.555521,3.93598,1.48383,0.966,0.758,0.651,0.536,0.222,0.571,0.296,
407.000,48.105,46.436,33.052,22.432,15.514,10.751,13.045,12.188,12.374,16.853,22.845,25.819,33.383,43.898,61.796,76.236,92.631,110.949,121.865,132.888,133.92,133.006,119.067,104.525,91.573,78.069,56.168,39.393,26.65,16.75306,10.50744,5.936306,3.937585,1.65351,0.8730798,0.75,0.545,0.57,0.347,0.456,0.319,
408.000,61.541,62.668,33.708,19.358,15.151,11.24,11.811,14.695,15.774,17.653,24.613,28.526,38.621,50.782,66.085,84.194,105.785,119.655,134.649,135.167,143.873,143.404,136.672,118.416,99.158,81.785,65.525,47.96,30.4,19.04549,11.49818,6.677666,4.646507,1.916924,0.8898662,0.642,0.512,0.428,0.382,0.4,0.382,
409.000,67.876,57.658,34.784,23.86,15.671,11.175,12.802,17.08,16.288,20.096,25.563,29.184,39.309,50.071,68.04,85.448,106.323,124.878,147.887,152.409,154.655,150.084,146.717,126.397,109.459,87.576,68.977,49.407,33.433,20.431,12.33455,7.211312,5.104793,2.286385,1.008142,0.73,0.705,0.421,0.364,0.351,0.237,
410.000,69.662,66.508,37.056,27.051,17.869,15.652,13.029,13.896,15.109,19.366,24.182,32.091,45.702,55.427,74.978,94.305,116.194,135.739,158.072,162.586,162.167,161.484,159.169,134.685,119.373,96.568,72.695,53.958,36.803,21.608,13.34924,7.884758,5.504262,2.325453,1.244084,0.758,0.534,0.601,0.435,0.457,0.273,
411.000,83.202,63.198,40.28,26.48,21.572,13.481,15.472,15.981,17.052,22.352,24.917,33.232,45.342,60.606,78.555,103.715,125.476,145.082,163.167,172.31,180.107,175.691,169.192,149.672,126.86,106.013,81.701,59.688,41.119,24.737,14.79245,8.561197,5.664974,2.650319,1.35485,0.84,0.531,0.51,0.602,0.472,0.29,
412.000,82.175,74.943,48.828,29.403,20.221,15.022,15.864,17.228,18.699,23.02,26.789,36.023,46.872,62.77,80.719,103.831,127.993,154.921,169.226,180.336,186.492,182.054,173.889,159.526,132.378,112.105,88.787,64.016,41.954,26.634,15.733,8.821801,6.312337,2.683902,1.227566,0.7609484,0.568,0.36,0.562,0.277,0.421,
413.000,84.781,77.787,41.265,26.335,18.2,16.092,15.386,16.33,17.873,21.83,28.15,35.057,45.036,64.779,84.939,107.739,134.578,161.521,181.369,197.668,194.341,190.339,185.163,168.486,139.721,117.575,92.689,67.219,46.968,29.012,16.90623,10.43704,6.365073,2.881796,1.227729,1.09799,0.577,0.644,0.413,0.44,0.294,
414.000,94.253,81.273,49.695,27.771,18.922,18.12,14.582,15.937,19.071,21.914,28.737,38.407,51.782,70.172,87.873,118.573,145.654,167.725,185.479,201.29,206.53,209.288,192.846,181.355,153.965,127.884,98.393,73.078,51.254,31.717,17.885,10.40531,6.934283,3.162743,1.355311,1.033151,0.573,0.451,0.385,0.44,0.465,
415.000,105.749,81.29,48.424,29.968,22.978,18.846,14.651,19.613,19.094,25.261,29.106,38.603,55.958,71.619,94.827,122.135,151.084,174.233,199.443,211.393,215.9,212.144,198.694,189.937,161.522,132.246,105.286,73.753,52.981,33.593,19.325,11.17985,7.521789,3.576458,1.33667,0.9865353,0.453,0.589,0.513,0.561,0.435,
416.000,95.425,89.525,57.857,34.834,24.777,19.416,17.438,14.979,20.106,25.739,29.566,40.356,56.328,75.601,99.357,125.264,157.073,189.09,207.267,220.034,227.073,227.151,213.501,197.935,170.712,139.845,112.236,81.567,55.272,36.725,21.4,12.06034,7.926713,3.899881,1.697715,1.291418,0.589,0.596,0.537,0.405,0.392,
417.000,105.874,93.527,57.254,35.736,24.553,15.236,19.365,17.89,18.535,25.772,31.279,40.443,55.344,78.006,99.91,131.795,161.165,192.501,220.406,227.8,238.062,232.157,227.033,210.265,180.765,149.313,118.664,87.388,59.472,38.226,22.315,12.86977,8.33096,4.378406,1.991175,1.305633,0.5714702,0.587,0.365,0.464,0.415,
418.000,107.737,107.14,57.996,35.316,24.477,21.688,21.119,21.4,20.665,25.242,32.664,46.005,57.234,80.068,107.556,134.371,170.171,198.407,225.607,240.546,248.57,248.148,226.089,218.806,189.211,156.732,122.505,91.543,61.83,39.858,24.284,13.57834,9.030165,4.447153,1.929184,1.475172,0.5302986,0.525,0.52,0.351,0.367,
419.000,107.917,109.403,62.34,38.736,27.361,22.225,18.077,19.873,21.608,25.852,32.933,45.429,61.039,82.198,111.576,141.743,175.818,203.052,235.72,247.822,257.156,253.108,245.238,223.723,197.38,165.368,129.148,96.898,67.832,44.057,25.604,14.701,9.387274,4.670454,1.849494,1.471994,0.5997563,0.655,0.464,0.443,0.321,
420.000,127.052,115.128,73.342,40.475,25.508,19.674,17.639,18.594,22.883,30.255,34.324,43.259,62.215,84.643,113.7,146.651,181.123,215.004,238.394,256.018,266.651,262.83,251.248,233.513,208.144,172.349,135.926,105.072,71.017,46.218,26.884,16.868,9.553045,4.925031,2.185212,1.689168,0.7846699,0.648,0.439,0.425,0.37,
421.000,126.743,121.105,69.277,42.86,31.063,22.598,18.987,20.282,20.601,25.083,33.405,48.797,60.702,86.759,116.378,151.879,187.453,214.09,245.879,262.387,275.022,268.865,256.95,240.892,215.622,178.793,139.874,107.098,73.936,47.78,28.672,17.23,9.98828,5.357128,2.208255,1.770813,0.7747364,0.697,0.562,0.432,0.573,
422.000,136.026,123.117,73.828,37.375,30.667,23.301,21.354,21.206,21.454,26.422,34.233,47.116,67.257,86.194,118.181,154.756,188.825,227.409,253.062,270.446,281.299,275.837,264.329,247.073,221.359,185.509,145.798,109.785,77.243,51.27,31.041,17.467,10.45964,5.744508,2.407844,2.02978,0.9639337,0.6897988,0.565,0.448,0.415,
423.000,135.205,124.437,79.293,46.886,29.682,23.384,19.515,16.442,23.338,27.408,34.832,48.014,66.941,86.319,121.833,157.605,193.775,234.715,258.25,287.254,295.673,285.048,274.475,256.947,231.991,189.491,152.126,116.399,83.203,53.055,30.944,17.983,11.10775,6.039256,2.549013,1.99503,0.8769004,0.8607075,0.579,0.331,0.491,
424.000,149.13,127.843,83.449,45.33,30.519,26.469,22.245,17.805,23.762,28.278,35.843,48.419,69.409,91.068,126.121,163.256,199.663,236.729,266.415,291.108,295.539,299.113,285.496,264.901,235.387,196.703,159.365,119.331,83.415,57.118,33.714,19.631,11.361,6.201718,2.807852,2.294379,0.9603721,0.9456128,0.545,0.286,0.383,
425.000,136.935,133.569,80.982,52.391,36.332,22.812,22.229,22.145,24.283,28.977,37.313,50.186,68.743,94.591,125.595,166.598,202.91,240.724,277.447,296.613,311.669,300.891,288.565,274.516,245.071,200.267,164.27,123.474,87.285,56.936,36.411,20.714,11.607,6.489025,2.900364,2.403949,1.255645,0.8571339,0.608,0.327,0.308,
426.000,146.856,134.905,82.507,51.015,33.733,23.684,20.435,22.193,24.345,28.8,36.756,46.493,71.655,96.059,130.309,171.58,212.76,245.728,284.06,300.865,316.505,317.763,301.557,277.635,253.261,215.653,173.811,127.043,91.934,59.768,36.921,21.227,12.667,6.859341,3.15644,2.295809,1.119686,1.090695,0.485,0.442,0.393,
427.000,159.997,137.546,85.282,48.744,35.547,27.154,22.468,21.722,21.561,31.378,39.599,54.883,70.927,97.661,125.401,170.523,217.319,251.855,285.441,313.429,316.034,321.237,309.329,286.763,253.756,222.061,177.198,130.769,95.725,60.723,38.311,23.253,12.555,7.17912,3.487522,2.71205,1.397245,1.187653,0.438042,0.501,0.442,
428.000,158.414,139.595,88.163,47.04,36.395,26.854,24.675,21.305,23.652,30.469,37.576,52.648,74.161,99.028,134.325,174.389,225.296,265.41,291.493,317.898,325.884,326.118,310.788,292.739,262.456,221.941,180.889,137.384,95.694,64.628,40.581,22.221,13.754,7.610673,3.7771,2.560935,1.466328,1.167422,0.4998087,0.454,0.459,
429.000,161.328,149.201,90.702,50.119,35.799,28.895,22.363,21.423,24.153,29.695,40.175,51.158,73.839,99.291,136.162,178.657,222.238,265.435,299.676,325.097,337.46,331.578,317.779,295.334,265.298,229.758,183.715,139.532,104.678,66.102,40.038,24.735,14.243,7.611,3.620537,3.150204,1.595041,1.346935,0.5590061,0.377,0.429,
430.000,172.182,153.059,89.965,55.017,38.823,26.776,21.007,23.111,26.183,29.176,39.745,52.745,72.017,104.96,136.82,179.408,227.996,264.552,304.897,324.893,342.816,340.334,326.036,306.467,274.778,235.542,189.649,145.242,103.215,70.328,41.316,26.906,13.856,8.298,4.363872,3.170348,1.66072,1.519356,0.6031542,0.476,0.302,
431.000,171.443,151.271,94.483,57.165,38.95,27.536,26.55,22.912,24.853,30.901,42.826,53.979,75.39,99.758,137.64,178.621,229.114,271.073,309.636,333.546,349.709,345.494,332.635,302.567,277.226,239.025,195.692,145.13,106.041,68.961,43.796,26.616,15.058,8.391,4.386015,3.017632,1.756906,1.514144,0.5209026,0.726,0.509,
432.000,174.123,155.599,94.143,61.264,41.933,28.314,21.688,22.988,25.236,31.332,41.164,54.58,77.424,104.495,137.565,187.659,231.09,274.583,313.281,339.27,353.122,349.915,336.218,318.751,279.225,242.93,195.921,150.584,107.869,71.345,46.867,28.39,15.405,8.79,4.74688,3.504858,1.998889,1.606199,0.7430765,0.7078386,0.436,
433.000,175.53,161.767,100.228,57.511,39.61,26.581,26.602,24.521,25.284,31.164,40.665,52.09,78.547,102.666,143.138,178.803,234.047,274.668,315.242,342.452,359.282,354.992,336.502,315.546,280.986,244.397,204.423,152.698,113.133,73.246,45.644,28.116,16.826,8.985,4.787415,3.908091,2.049842,1.750778,0.6411424,0.7196722,0.426,
434.000,179.25,169.231,100.205,59.338,41.746,30.06,24.231,26.867,26.855,33.784,40.822,54.556,78.836,108.404,145.697,189.524,242.54,279.946,322.237,350.455,362.202,355.042,348.841,324.269,296.388,247.334,208.882,156.31,110.022,75.654,45.966,29.433,17.343,9,5.449,3.431347,2.133749,1.751802,0.8486043,0.7505061,0.594,
435.000,182.519,166.008,104.308,56.83,45.173,29.759,22.003,21.756,25.095,31.589,39.128,55.615,79.574,109.087,147.352,188.914,237.406,280.449,323.193,350.235,362.743,361.805,351.32,330.076,291.573,258.371,210.472,161.848,116.609,75.842,49.882,30.65,17.746,9.697,5.742,4.122732,2.30649,1.961319,0.828697,0.7266519,0.433,
436.000,180.48,170.087,105.557,60.079,45.137,30.751,25.068,24.001,26.297,31.774,42.577,56.034,77.333,109.684,144.501,190.882,241.079,287.933,330.727,350.782,371.137,370.054,356.529,331.735,295.844,258.74,214.718,161.478,118.18,77.841,50.063,30.497,17.917,9.908,5.736,4.158264,2.430965,1.959855,0.9774809,0.8605079,0.544,
437.000,183.573,174.967,109.4,64.485,43.116,32.042,27.207,22.252,25.64,30.498,40.444,54.863,82.237,110.626,151.705,196.756,242.251,289.774,328.556,359.819,367.888,370.489,361.103,334.648,299.883,254.742,218.385,162.653,120.591,80.71,50.699,31.616,18.714,10.682,6.566,4.283977,2.538211,2.072281,0.8683458,0.902923,0.5535096,
438.000,192.815,171.286,102.769,65.562,44.882,32.035,25.162,24.15,25.198,32.591,44.139,56.795,77.989,109.158,147.642,198.058,246.52,287.456,336.222,358.946,369.396,374.549,361.759,340.005,304.133,264.443,221.719,166.613,121.081,81.824,50.452,33.263,19.784,10.786,6.783,4.257475,2.824316,2.242112,1.021183,1.033709,0.4659649,
439.000,186.179,180.326,115.456,64.562,42.783,33.337,27.192,24.772,25.72,33.638,42.001,55.6,82.016,109.517,150.365,199.066,242.939,295.225,332.282,362.894,371.472,372.57,366.861,337.059,310.044,260.315,218.389,171.524,122.784,83.195,51.752,33.324,19.214,11.822,6.745,3.964,2.913468,2.369593,1.138902,0.9580875,0.5246855,
440.000,179.223,183.739,112.681,64.504,48.892,32.26,24.542,27.215,25.911,33.07,44.145,58.457,79.844,113.331,146.846,199.081,245.624,295.275,335.592,366.225,379.992,377.397,360.917,346.108,309.535,266.74,222.969,173.265,124.547,84.929,54.778,32.603,19.222,12.017,7.006,4.653,3.046338,2.419584,1.193018,0.9574024,0.6736836,
441.000,195.886,192.509,112.124,65.588,43.818,31.63,28.075,25.275,28.009,32.519,44.786,58.465,78.038,109.581,149.519,198.567,244.939,292.002,340.358,370.053,378.606,382.614,376.801,348.987,317.773,268.54,220.53,177.319,127.983,87.261,55.189,34.378,21.27,11.462,7.522,4.418,3.10297,2.493521,1.263307,1.125589,0.796029,
442.000,197.098,165.639,114.86,67.627,45.523,35.173,29.062,25.313,27.16,32.829,41.082,58.54,77.796,112.125,152.059,196.028,248.766,294.824,337.4,368.975,379.424,382.853,378.109,345.569,310.641,269.295,225.873,176.094,124.928,84.666,55.052,34.62,21.672,13.263,7.451,4.515,3.242467,2.587086,1.244292,1.348029,0.7303748,
443.000,202.02,181.851,107.135,65.707,41.217,35.55,28.043,23.049,27.911,33.801,42.178,58.691,80.672,112.015,152.35,198.754,250.643,294.499,339.293,364.162,382.783,382.484,370.748,354.008,320.755,275.95,222.982,178.37,129.733,89.612,56.145,36.198,20.267,12.095,7.918,5.174,3.361558,2.80393,1.563471,1.304464,0.8358697,
444.000,200.865,198.092,109.399,73.672,42.109,33.44,29.076,23.975,27.832,32.529,39.124,58.046,76.758,112.887,148.842,200.919,244.331,296.444,343.787,369.02,386.674,384.545,371.181,356.517,318.515,273.641,224.114,179.218,133.124,89.23,56.132,35.32,21.397,14.132,8.293,5.335,3.347,2.792451,1.527406,1.309269,0.9559891,
445.000,195.028,188.904,114.98,69.601,45.676,37.854,27.048,25.934,26.917,31.02,40.718,56.527,79.169,112.357,147.958,197.209,247.821,297.651,340.506,366.923,383.308,393.803,374.214,351.532,319.513,278.359,228.03,180.185,129.566,88.23,56.83,37.509,21.829,13.801,8.449,5.35,3.417,2.827288,1.639677,1.461737,0.973267,
446.000,186.626,182.771,109.987,69.871,43.247,34.038,26.213,25.909,26.714,33.843,48.158,59.02,82.214,113.494,147.161,200.374,248.981,299.477,337.433,372.821,383.707,384.367,374.377,352.401,319.232,274.428,227.886,180.849,134.586,90.159,58.571,36.423,22.602,13.848,8.247,5.932,3.521,2.885058,1.837162,1.511716,0.9432415,
447.000,201.946,206.881,109.263,73.476,48.71,33.419,26.064,22.759,26.461,33.048,40.694,56.574,82.974,108.281,152.663,198.293,247.788,301.551,331.668,368.94,385.875,386.106,377.724,353.69,316.026,279.333,227.504,182.683,133.58,92.319,58.359,37.231,23.686,14.85,9.204,6.222,3.848,2.881912,1.796774,1.461499,0.9846599,
448.000,200.214,186.284,109.694,64.642,46.919,32.289,30.094,23.239,25.138,33.331,41.946,55.742,81.936,109.46,154.337,195.49,250.436,294.609,339.398,373.11,383.79,385.77,375.193,353.938,323.282,277.7,235.986,181.579,138.295,89.793,59.039,38.036,23.346,14.832,9.583,6.136,3.909,2.907113,1.900849,1.735225,1.113299,
449.000,205.752,190.212,111.888,71,49.637,33.035,27.077,25.864,27.39,31.266,37.964,57.149,81.042,108.976,148.577,196.784,242.723,294.397,341.066,369.151,380.766,383.979,375.384,357.038,321.346,272.819,228.603,181.402,138.197,92.589,59.811,39.944,25.057,15.547,9.413,6.385,4.17,2.933,1.929656,1.695685,1.17803,
450.000,205.623,192.988,115.44,73.48,46.616,34.922,26.319,25.897,25.751,32.707,39.121,54.629,78.362,113.078,146.812,192.339,243.269,292.478,336.262,364.401,379.29,385.683,374.501,354.802,318.381,277.086,231.044,182.588,133.879,94.369,61.042,39.463,25.613,15.033,9.904,6.826,4.393,3.134,1.984123,1.862587,1.27185,
451.000,209.931,181.044,116.386,73.105,52.684,38.296,24.705,25.214,25.084,35.381,40.05,54.218,79.065,104.007,146.135,192.185,243.134,290.266,332.924,359.866,379.984,379.941,366.509,348.104,317.981,276.491,225.562,180.824,135.821,93.741,60.201,39.264,25.146,16.618,10.564,7.365,4.282,3.256,2.158373,1.706108,1.192431,
452.000,194.715,181.803,118.588,74.954,49.327,36.172,25.018,23.672,24.627,32.212,43.12,55.952,76.389,107.592,147.362,194.238,238.183,288.846,338.911,361.396,375.227,382.883,368.347,352.352,316.586,275.137,228.166,179.447,135.574,95.609,61.145,39.323,25.803,16.074,9.578,7.691,4.857,3.015,2.349921,1.9211,1.239965,
453.000,200.407,192.779,117.598,73.639,44.281,35.209,27.172,25.548,25.802,32.488,39.865,55.389,80.75,107.934,143.944,193.396,242.718,286.137,334.393,360.982,372.897,376.599,364.216,348.145,316.282,274.596,228.657,178.888,134.826,95.167,63.286,38.891,26.902,16.022,11.364,7.51,5.049,3.323,2.29169,1.88063,1.350951,
454.000,202.789,189.598,119.067,74.499,43.857,35.507,27.215,25.633,25.354,31.562,38.85,53.782,76.925,106.077,143.163,191.217,238.057,285.234,333.17,360.738,372.111,378.726,364.212,339.323,312.812,276.615,228.158,175.015,135.584,92.139,60.822,42.112,26.128,17.582,11.716,7.699,5.193,3.92,2.646,1.765342,1.421752,
455.000,186.388,169.169,111.171,73.451,47.09,37.474,26.918,22.122,26.719,33.203,40.722,55.697,77.565,104.944,141.367,190.442,237.681,282.71,327.575,354.394,373.215,373.425,357.841,344.833,309.724,274.487,225.78,175.778,134.095,93.226,62.796,41.34,25.883,16.785,12.203,8.367,5.908,3.983,2.725,1.810308,1.671629,
456.000,184.182,189.815,120.3,65.673,46.228,35.856,25.614,22.905,27.491,29.689,40.754,56.619,78.171,105.151,140.058,184.317,233.058,281.303,324.417,353.54,365.877,372.014,357.327,339.385,311.504,273.304,221.588,177.7,130.406,96.286,63.445,41.277,26.541,17.241,12.762,8.895,5.648,3.942,2.598,2.091066,1.537922,
457.000,195.811,182.726,118.218,69.888,47.128,36.389,31.229,29.352,25.505,30.773,41.282,55.18,77.064,102.653,138.943,188.416,232.411,272.439,315.557,350.958,359.063,368.991,354.587,337.752,308.072,266.922,224.299,175.191,129.907,93.737,62.431,40.897,27.025,18.256,12.886,8.321,6.116,4.247,2.751,2.075353,1.466046,
458.000,181.805,184.509,102.61,67.413,43.86,36.055,28.043,25.546,26.729,29.992,38.477,52.828,71.333,101.504,141.962,180.473,230.705,274.826,320.684,340.454,356.997,364.233,349.668,339.098,304.07,271.354,219.795,173.14,131.529,99.007,64.894,41.301,27.281,18.185,12.951,8.618,6.348,4.235,2.815,2.032786,1.607321,
459.000,194.405,179.986,106.325,71.934,43.521,33.984,27.855,23.448,27.954,30.457,39.765,55.137,73.517,104.834,135.836,184.043,230.053,274.411,318.693,337.322,352.131,358.436,352.995,334.49,300.635,267.902,223.607,173.819,132.95,93.685,62.095,40.733,27.864,17.873,13.104,9.179,6.047,4.225,2.76,2.198,1.547609,
460.000,192.851,176.845,111.831,69,48.823,35,29.102,21.302,24.619,29.025,37.179,51.896,71.29,100.31,133.254,181.563,225.44,271.254,309.66,340.018,351.876,354.496,346.645,329.228,301.632,259.269,219.563,174.785,130.01,93.846,63.137,42.432,28.481,18.454,13.229,9.638,6.475,4.177,3.177,2.054,1.596771,
461.000,179.848,181.485,119.343,73.986,43.962,37.05,25.726,22.337,24.051,31.529,39.044,51.167,69.244,98.224,133.811,181.65,223.8,266.18,304.594,334.427,344.686,352.811,343.643,328.681,299.372,258.643,216.87,169.552,128.269,90.6,62.985,40.873,28.04,18.935,14.1,9.332,6.484,5.028,3.098,1.919,1.59462,
462.000,189.911,178.823,107.174,62.137,44.784,39.324,31.377,24.001,26.174,29.756,36.014,50.996,71.254,98.835,132.345,171.268,215.742,263.896,299.016,327.125,345.266,343.845,334.281,322.384,297.492,253.952,215.179,165.493,127.671,92.75,63.109,41.814,28.77,19.689,13.209,10.533,7.623,4.78,3.427,2.232,1.66885,
463.000,195.593,172.851,98.184,69.36,46.685,35.464,27.413,20.745,23.707,29.499,35.712,48.939,73.071,98.621,129.328,172.953,215.493,258.365,296.291,324.868,334.531,339.518,331.344,311.71,288.186,255.19,214.05,167.284,128.984,91.722,61.826,42.8,26.763,19.164,14.133,10.003,7.215,5.395,3.458,2.541,1.612774,
464.000,184.334,170.268,106.062,62.082,47.221,34.697,25.838,23.461,24.037,28.869,35.273,49.256,67.589,97.138,122.579,173.86,213.064,255.082,294.179,319.629,333.053,341.119,333.437,308.21,287.91,246.987,209.965,169.415,127.185,89.304,62.866,41.844,27.941,19.068,13.773,10.105,7.2,5.136,3.597,2.511,1.694,
465.000,173.142,164.894,107.907,66.505,44.545,35.101,25.732,23.817,22.692,25.619,36.63,47.888,69.3,93.98,124.554,169.155,209.564,246.961,281.889,313.276,327.072,333.948,322.145,314.614,280.629,249.504,202.687,164.1,125.769,87.101,62.772,43.843,28.613,19.61,13.827,9.864,8.013,5.353,3.787,2.086,1.786,
466.000,170.721,172.387,106.001,69.198,43.246,38.167,29.361,24.07,23.328,27.62,33.71,50.321,65.488,91.747,122.924,160.421,200.173,251.954,285.355,313.747,323.656,326.928,320.539,301.098,281.028,249.06,203.885,161.739,124.463,88.435,60.129,43.147,28.239,19.686,13.961,10.539,7.729,5.024,3.917,2.401,1.547,
467.000,173.705,161.665,111.981,68.205,43.019,33.836,27.849,24.492,23.006,25.965,33.624,47.06,65.32,89.369,121.628,163.444,205.317,242.715,283.805,307.024,317.364,328.456,318.746,299.698,272.886,240.331,200.921,161.296,122.262,86.995,62.622,42.958,28.872,19.222,14.448,10.802,8.376,6.057,3.826,2.895,1.522,
468.000,173.703,166.571,103.55,63.447,46.865,33.576,27.404,19.724,23.157,27.8,35.803,44.228,65.383,90.498,120.842,159.38,194.316,235.833,278.42,297.64,320.238,317.969,312.974,295.356,272.625,233.459,200.78,155.759,120.026,86.659,59.478,42.479,29.34,20.52,14.736,10.769,7.622,6.305,3.997,2.315,1.841,
469.000,176.984,152.851,104.156,66.532,42.579,32.039,27.447,20.89,22.376,26.145,34.093,47.63,65.754,87.485,118.427,158.668,194.853,236.593,264.736,289.002,313.892,313.846,308.578,296.506,267.538,235.482,201.281,156.174,120.91,85.318,57.789,42.921,28.513,19.317,14.71,11.264,8.246,5.715,4.064,2.802,1.493,
470.000,167.72,163.929,104.755,64.337,42.243,31.665,27.897,23.897,22.543,25.677,34.775,45.876,64.719,86.217,116.304,150.128,195.602,232.271,266.847,292.855,309.729,310.96,302.061,290.679,263.39,227.045,197.444,154.29,118.288,85.271,59.037,42.502,29.614,19.702,15.193,11.854,8.535,6.272,4.209,2.803,1.836,
471.000,152.644,143.312,99.933,57.855,43.528,32.246,24.244,21.9,23.556,24.191,31.604,45.41,61.998,81.597,114.823,152.917,187.299,222.962,261.981,288.624,300.5,301.403,297.35,281.353,256.12,222.311,189.499,152.015,117.735,83.131,57.366,41.832,29.221,19.823,15.111,11.328,8.694,6.414,4.181,3.048,1.867,
472.000,158.782,155.892,101.012,64.372,42.544,31.913,26.196,23.372,23.987,28.604,32.745,43.716,59.836,80.779,111.385,148.245,181.754,223.897,257.246,279.513,295.387,291.722,294.304,279.015,254.726,224.369,187.002,152.63,115.324,81.741,57.468,42.183,29.4,21.4,15.001,10.367,8.751,6.147,4.506,2.911,2.145,
473.000,166.578,157.75,100.466,66.561,42.577,36.973,25.218,22.583,23.054,27.012,33.011,44.605,61.547,81.651,105.533,144.665,183.27,214.058,252.822,283.088,292.732,290.384,286.294,270.443,250.775,218.888,189.543,146.976,113.13,81.608,56.365,42.018,28.411,20.926,15.26,11.386,8.432,5.727,4.542,2.78,2.177,
474.000,156.926,150.207,98.803,66.744,35.111,34.978,27.209,21,22.533,23.959,33.173,43.341,57.584,80.204,108.259,144.419,178.462,214.354,246.832,268.627,284.653,287.853,283.959,267.921,249.306,220.671,182.752,145.531,111.519,81.761,55.798,40.504,28.759,20.995,15.569,11.322,8.621,6.131,4.637,3.138,2.203,
475.000,141.585,151.523,94.894,58.159,39.918,29.082,25.78,22.982,20.856,25.158,29.248,40.937,57.601,77.02,104.313,136.515,178.592,212.112,241.894,265.038,279.501,283.78,272.801,266.594,243.108,210.006,177.188,141.745,111.688,79.089,53.954,40.153,30.615,20.184,14.849,11.292,9.078,6.045,4.269,2.755,1.904,
476.000,148.204,147.946,93.476,59.275,42.492,31.114,24.261,22.026,23.583,21.434,28.238,39.133,57.659,76.786,104.059,133.671,174.28,205.802,237.835,257.212,273.808,277.392,268.653,255.529,238.367,210.37,173.524,143.791,108.944,80.066,53.129,39.233,29.723,20.641,15.505,12.071,9.037,6.929,4.786,3.158,2.062,
477.000,147.024,137.41,86.504,50.372,42.922,32.602,23.181,21.129,21.444,22.276,29.026,39.37,54.636,76.25,100.524,134.776,168.127,199.547,235.32,255.679,268.272,269.698,269.396,253.22,231.98,202.12,174.434,139.684,103.75,76.978,54.906,38.733,28.282,21.758,15.481,11.004,8.803,6.6,5.185,3.362,2.017,
478.000,138.043,137.737,83.607,55.712,41.121,29.93,25.31,19.674,20.86,21.909,29.618,38.78,55.576,75.042,102.95,132.212,168.047,196.087,230.239,253.811,263.183,267.525,258.662,242.935,231.733,200.798,169.534,134.618,104.503,77.821,52.931,39.216,28.569,21.968,14.739,11.746,8.832,6.712,4.804,3.288,2.207,
479.000,149.428,137.209,86.178,59.08,37.38,33.441,24.06,19.761,20.143,23.94,30.427,37.328,52.516,71.456,98.105,128.745,166.193,195.034,221.151,243.773,259.374,259.037,253.431,244.475,225.693,196.671,170.598,131.136,101.192,74.269,52.737,38.16,27.558,21.396,15.818,12.344,9.321,6.686,5.004,3.294,2.309,
480.000,155.594,131.952,91.615,52.529,41.376,29.919,23.692,20.161,20.688,21.517,28.249,38.226,52.001,68.819,94.892,126.517,157.655,187.813,221.909,236.295,252.629,254.416,252.617,238.802,217.891,193.943,160.4,131.036,97.995,73.364,51.691,37.225,27.268,21.218,15.389,11.558,8.546,6.464,4.447,2.99,2.011,
481.000,141.946,129.676,86.921,52.437,38.412,29.584,21.995,20.653,18.144,21.184,28.731,36.438,52.4,67.584,90.62,122.471,154.144,187.074,215.265,236.351,242.305,243.128,242.249,237.261,219.761,186.563,163.137,127.418,100.877,71.329,49.279,36.851,27.726,22.29,15.684,11.115,9.342,6.874,4.398,3.158,2.265,
482.000,145.244,124.451,79.573,55.946,35.249,31.711,22.122,20.638,18.436,22.634,27.301,36.502,51.242,68.21,92.2,121.618,152.464,176.329,207.639,228.336,241.538,244.634,238.985,230.07,213.474,188.412,156.972,127.887,97.498,70.814,50.571,36.383,27.252,21.743,15.803,12.285,9.137,5.978,4.691,3.659,2.074,
483.000,138.096,129.008,83.008,50.872,35.82,29.184,22.597,19.165,20.555,22.467,25.303,36.89,48.144,64.762,89.49,119.839,145.058,175.555,203.122,227.089,236.341,239.082,233.152,221.976,205.761,180.13,156.402,126.008,97.078,70.37,50.477,36.639,25.322,20.535,15.278,11.638,8.891,6.897,4.848,3.317,2.569,
484.000,123.343,122.767,84.683,53.237,38.638,27.359,20.162,16.381,20.002,20.871,26.356,36.356,49.994,66.899,86.349,117.599,143.367,172.497,206.004,221.526,232.62,232.348,227.575,222.553,205.209,176.014,151.895,122.255,93.439,68.98,48.933,34.627,25.493,21.61,16.216,11.323,8.604,6.615,4.88,3.126,2.34,
485.000,126.599,132.689,79.96,50.081,38.24,26.468,23.533,17.098,17.714,17.248,26.199,34.996,48.383,63.602,85.765,115.38,141.007,171.026,195.468,212.809,231.865,227.382,227.336,215.537,197.716,176.322,144.594,119.639,92.25,67.766,46.902,35.097,25.752,20.66,15.816,11.22,8.952,6.259,4.79,3.345,2.233,
486.000,122.965,124.485,76.605,49.54,39.571,29.615,20.731,18.299,17.53,23.735,25.87,34.378,46.07,62.1,80.498,109.701,139.328,164.971,191.236,206.356,224.616,226.788,219.931,211.841,190.358,174.031,144.38,118.989,91.022,66.674,46.526,35.425,25.33,19.898,15.67,11.736,9,6.31,4.903,3.409,2.152,
487.000,110.7628,118.253,75.097,48.768,35.337,24.463,23.041,18.349,16.8,18.968,26.788,33.484,43.511,60.054,80.006,106.851,132.316,163.366,187.796,206.66,219.978,218.828,213.304,208.654,187.467,166.016,142.523,114.932,88.305,65.583,45.754,32.149,25.303,20.792,16.105,11.938,9.24,7.428,5.217,3.441,2.566,
488.000,111.0476,111.517,77.14,47.605,34.416,26.337,22.946,17.684,17.361,20.119,23.087,29.613,43.606,57.617,82.574,106.519,133.571,155.298,180.76,200.898,212.433,211.399,208.96,203.588,186.524,164.733,143.321,113.903,87.43,63.818,46.741,33.734,25.47,18.328,15.614,11.387,8.814,6.988,5.119,3.494,2.836,
489.000,102.4669,116.318,66.464,46.203,33.466,24.581,20.569,16.961,15.961,20.271,23.5,31.836,40.12,57.991,79.798,103.506,131.809,155.766,180.981,196.335,205.082,211.071,205.566,196.622,180.596,161.301,134.998,108.653,84.241,61.885,44.677,31.563,24.38,18.166,16.125,11.746,9.407,6.858,5.252,3.488,2.632,
490.000,102.6147,105.717,68.625,44.968,34.229,26.835,18.631,17.521,16.77,19.358,23.449,31.549,39.223,55.224,77.079,103.201,124.58,151.921,177.032,191.428,200.388,206.951,204.04,188.669,177.645,157.341,133.894,109.494,84.246,64.01,45.209,33.151,24.916,19.292,15.933,11.956,8.212,6.697,5.575,3.163,2.546,
491.000,94.20914,115.595,70.446,45.8,30.778,27.285,19.146,17.144,15.437,16.724,21.672,29.954,41.018,56.933,73.835,97.818,124.22,148.23,171.635,184.873,196.04,199.695,196.4,189.4,170.716,153.851,129.924,108.802,82.052,59.843,43.575,31.539,24.092,18.458,16.483,12.019,8.956,6.659,5.014,3.453,2.722,
492.000,92.31295,108.387,73.184,42.599,35.062,26.837,17.829,16.524,15.805,18.051,21.869,29.885,38.284,55.309,73.73,95.211,122.03,141.891,167.278,181.489,191.494,195.408,192.564,183.812,166.699,151.788,130.142,102.161,80.328,57.65,42.154,31.394,25.138,17.412,15.141,12.514,8.784,6.637,5.135,3.501,2.258,
493.000,93.14014,103.726,69.16,43.781,29.616,22.829,19.355,16.015,17.214,17.815,23.84,27.224,39.182,53.898,68.874,94.818,115.766,139.372,161.728,182.381,189.639,189.993,187.139,180.823,165.702,149.096,124.133,101.707,79.046,59.455,42.52,31.007,22.457,17.12,15.149,12.428,8.574,6.721,4.77,3.803,2.299,
494.000,87.18857,106.856,67.024,41.72,28.999,28.114,20.459,15.837,14.142,17.343,23.458,26.125,38.801,52.67,69.063,92.412,116.553,140.086,155.935,173.424,187.831,183.081,180.296,177.451,161.943,141.072,120.674,98.749,74.914,56.847,43.775,29.051,21.89,17.831,14.857,11.032,8.802,7.324,4.62,3.321,2.912,
495.000,82.83115,98.082,64.306,42.18,32.387,25.635,18.868,16.727,14.497,18.758,20.824,25.974,37.493,48.818,67.198,86.54,112.813,134.756,156.342,171.216,182.325,183.53,178.415,167.027,154.574,136.141,118.83,99.005,75.545,56.13,42.58,28.012,22.083,16.696,14.49,11.921,8.079,6.593,5.043,3.385,2.344,
496.000,88.62287,96.719,60.012,38.747,26.99,23.133,19.33,15.908,14.642,16.193,20.655,27.861,39.193,49.676,66.294,86.009,112.261,131.958,150.045,164.91,173.71,177.844,176.406,168.946,153.738,139.835,114.272,94.747,74.262,54.177,39.257,29.443,20.673,17.192,14.013,12.251,8.808,6.294,5.156,3.507,2.329,
497.000,81.12637,98.22606,58.431,44.537,25.763,24.779,19.071,14.31,14.279,16.741,21.037,26.337,34.484,48.833,62.713,83.555,108.454,126.628,147.693,160.017,169.864,171.865,167.815,164.029,151.425,132.251,114.005,90.946,70.74,51.811,39.736,28.84,20.421,17.575,13.14,12.361,9.251,6.505,5.602,3.606,2.713,
498.000,80.40885,92.01985,61.507,39.377,31.135,21.708,16,14.671,14.013,17.832,18.585,25.165,33.925,47.856,62.163,81.496,103.948,124.334,148.047,156.79,165.761,171.849,162.263,159.161,145.005,130.643,111.004,90.575,69.232,52.038,36.659,28.399,21.402,16.853,12.244,11.874,8.847,5.929,5.006,4.004,2.538,
499.000,74.56834,90.07111,59.431,38.79,28.01,19.872,20.644,14.683,14.002,15.123,18.274,23.806,32.209,42.212,61.335,80.222,102.523,123.444,139.154,153.131,166.685,162.052,166.03,153.736,142.988,128.081,107.908,86.987,68.138,49.928,36.791,28.287,20.902,16.084,13.205,12.479,9.081,6.126,4.607,3.356,2.778,
500.000,78.15528,87.13183,62.883,38.778,28.605,22.232,17.538,15.904,14.113,13.854,17.714,25.28,31.899,46.557,60.599,80.758,97.428,116.202,133.467,146.803,163.063,160.384,157.297,149.851,138.781,123.346,104.654,87.645,65.726,49.764,35.638,26.853,19.983,16.412,12.485,11.49,8.935,6.051,5.085,3.461,2.708,
501.000,75.55906,86.70932,63.207,34.836,27.225,19.004,16.843,15.421,13.93,13.375,16.953,23.989,32.123,41.448,57.977,77.258,96.831,115.933,133.924,147.028,150.386,156.952,148.405,145.659,136.128,119.489,102.236,81.814,64.738,47.754,35.258,26.397,20.247,15.119,12.199,11.794,8.834,6.221,5.292,3.636,2.528,
502.000,73.05219,84.6316,53.574,36.179,25.762,21.037,17.986,12.596,12.639,17.057,18.713,24.48,34.145,38.91,59.148,73.803,93.872,114.224,129.511,143.605,148.974,154.668,148.165,144.822,132.784,117.121,101.948,82.26,62.788,48.821,35.523,26.095,19.398,15.663,13.407,11.671,9.261,6.624,4.982,3.375,2.769,
503.000,71.94947,84.55945,53.428,37.213,26.792,21.075,16.371,16.388,11.888,13.189,17.674,22.386,30.098,38.853,51.825,73.721,93.005,109.998,126.503,138.579,149.278,148.135,143.877,140.764,128.978,113.68,96.778,79.901,60.63,48.448,34.385,26.497,18.971,15.363,12.072,9.932,8.865,6.279,4.919,3.166,2.71,
504.000,68.19679,80.55585,55.902,37.699,25.499,20.265,16.368,13.466,13.188,15.093,17.036,20.994,31.859,40.783,54.975,70.269,88.452,110.582,123.516,136.351,141.123,147.95,138.817,134.029,131.981,110.824,93.435,77.728,61.287,45.69,33.564,26.949,19.349,14.835,12.627,10.164,9.131,6.951,4.479,3.561,2.607,
505.000,65.68189,80.06312,54.967,33.433,27.669,21.001,15.802,12.239,13.125,13.924,17.937,23.826,30.033,39.399,52.841,70.626,90.763,103.54,116.342,132.759,138.585,141.937,141.945,134.788,124.927,108.473,93.41,79.616,59.302,44.364,32.091,24.632,19.045,14.935,11.785,9.888,9.562,7.181,4.573,3.76,2.435,
506.000,67.20566,83.30039,55.52,31.49,27.25,20.793,16.711,12.202,12.885,14.949,15.054,20.499,29.138,37.402,50.317,67.725,84.938,102.579,116.736,128.428,133.086,135.787,134.065,130.847,121.752,105.424,90.926,75,59.7,43.754,33.893,23.695,18.624,14.601,12.575,9.482,8.952,6.875,4.324,3.355,2.605,
507.000,65.74582,77.93789,54.72342,30.695,24.23,19.61,16.086,11.764,10.518,13.892,15.308,21.057,28.869,38.176,47.343,65.214,82.987,100.867,113.777,126.38,130.5,131.623,128.93,129.393,116.877,104.151,89.978,74.26,58.815,42.174,31.389,23.574,18.554,14.352,11.937,9.375,8.655,7.031,4.804,3.544,2.432,
508.000,66.37116,75.09515,56.19593,31.555,24.571,18.204,15.407,12.898,11.8,13.028,16.319,20.73,27.957,34.511,47.217,63.838,78.047,98.216,107.338,121.514,127.304,131.72,128.528,121.6,111.786,101.761,86.271,69.654,56.819,41.925,31.139,22.298,17.652,14.325,11.354,9.506,8.593,7.335,4.788,3.783,2.53,
509.000,69.08195,73.80055,55.49828,33.048,20.422,19.49,14.721,14.88,10.598,12.355,16.283,19.113,25.757,37.179,46.737,61.254,75.945,90.19,107.365,115.691,126.839,126.632,121.805,121.357,109.963,97.935,86.578,70.715,53.744,39.097,29.603,23.147,17.64,14.101,11.636,8.88,8.032,6.959,5.307,3.516,2.62,
510.000,69.8008,69.2388,57.04693,29.35,23.987,20.332,13.399,9.579,12.304,12.489,15.55,18.799,24.471,33.521,47.471,61.212,76.878,87.294,104.548,114.471,122.613,121.542,122.432,116.82,106.967,93.975,82.71,68.566,52.739,39.976,28.153,22.398,18.304,12.678,10.445,8.831,7.967,6.944,5.212,3.803,2.63,
511.000,62.21719,71.42864,54.85751,29.405,20.416,18.138,14.495,12.754,10.508,11.461,13.505,16.888,26.334,33.285,45.987,59.746,75.736,87.794,101.442,113.962,121.265,120.673,113.538,114.187,104.944,92.258,77.96,67.202,51.794,38.624,29.537,23.362,16.047,14.23,10.739,8.872,7.451,6.698,5.241,3.547,2.552,
512.000,67.93211,71.47579,54.08469,26.844,22.794,20.799,14.019,10.838,10.982,13.14,15.049,18.982,24.808,31.579,43.08,60.354,69.87,84.516,97.329,108.592,111.5,116.059,113.591,110.756,100.154,90.244,79.017,63.801,50.929,38.05,28.872,21.599,17.471,13.209,10.107,8.798,7.208,7.18,4.948,3.431,2.709,
513.000,58.97248,69.95082,53.61386,30.497,20.548,18.753,12.679,8.629,11.196,10.718,12.698,17.633,24.687,30.974,41.521,57.46,67.704,84.942,96.524,107.055,110.996,110.908,108.702,106.74,98.499,88.05,75.445,61.156,47.785,37.717,27.704,19.938,17.093,12.791,10.724,8.76,7.634,6.907,5.278,3.985,2.982,
514.000,66.185,70.24778,54.223,28.242,24.761,15.899,13.129,12.554,9.775,13.816,12.747,18.684,25.053,33.169,41.694,54.373,66.873,84.622,95.704,104.309,109.846,108.569,107.578,105.926,97.092,84.727,74.131,61.25,48.121,36.128,26.537,20.59,15.744,12.741,10.482,8.322,7.197,6.256,5.201,3.844,2.687,
515.000,60.224,66.27839,51.30994,26.613,20.189,19.409,14.125,11.008,10.573,12.11,12.879,16.99,23.367,28.87,41.246,51.63,66.445,78.359,91.626,99.528,107.733,106.596,108.05,101.947,95.306,83.574,70.356,58.752,46.525,34.782,26.584,20.738,14.891,12.633,10.634,8.298,7.023,5.565,5.582,3.541,2.46,
516.000,59.251,68.07195,50.79685,28.263,24.886,16.47,14.672,11.972,9.791,10.764,13.411,16.026,22.225,28.443,39.519,49.234,64.825,77.623,90.956,97.559,103.216,104.885,105.647,100.085,92.604,81.531,71.199,57.377,45.492,34.257,26.932,19.926,14.672,12.221,10.248,8.37,6.979,6.144,5.311,3.018,2.528,
517.000,60.66,66.21151,49.23809,25.66593,20.688,17.143,11.97,10.213,10.149,10.708,13.146,16.43,19.964,27.882,39.948,51.598,63.83,78.027,86.449,93.529,101.813,101.459,98.998,96.504,87.828,78.617,68.481,54.731,46.892,32.711,25.831,18.351,15.992,12.919,9.851,7.631,7.106,5.687,5.483,3.598,2.26,
518.000,54.771,63.73773,47.14262,26.66267,18.531,18.1,10.703,11.809,10.21,11.31,13.079,16.938,20.531,28.883,36.796,51.177,60.672,71.803,82.121,91.651,96.611,99.204,97.74,94.259,87.081,76.853,64.759,55.37,42.586,32.838,24.785,18.114,14.853,11.819,10.244,7.352,6.457,5.291,5.455,3.991,2.788,
519.000,66.439,62.60449,47.34929,29.76631,21.465,13.467,11.212,10.731,10.354,10.17,12.596,15.538,19.272,27.034,35.231,47.275,61.709,67.356,82.95,90.545,96.178,96.467,93.94,88.762,83.245,74.988,64.934,56.265,43.183,31.486,23.816,17.711,14.38,11.172,9.346,8,6.629,5.384,4.593,3.896,2.691,
520.000,56.049,61.81639,44.11131,25.37828,19.614,17.292,14.191,10.94,10.37,9.284,12.348,14.98,20.192,27.594,39.59,49.027,56.777,68.388,82.599,87.778,89.74,93.17,95.409,88.246,82.269,71.955,64.761,52.068,42.34,31.265,23.336,17.813,13.876,10.708,8.655,8.386,6.664,5.599,4.702,3.709,2.817,
521.000,60.471,53.82421,45.77223,25.72538,20.901,13.199,13.038,8.937,7.518,9.813,12,14.919,19.295,24.213,32.239,45.373,56.95,64.55,78.734,83.337,87.786,89.415,89.459,83.193,80.198,71.061,59.941,49.503,39.739,31.121,23.038,17.529,12.935,10.766,8.845,7.742,6.411,5.251,4.836,4.387,2.577,
522.000,51.014,52.43394,44.14221,26.70992,18.701,12.415,9.41,7.943,10.382,8.534,10.858,14.205,18.677,25.021,33.014,44.08,53.127,67.124,77.813,81.04,83.566,88.419,87.29,83.237,79.007,69.028,60.239,51.469,38.451,30.393,22.668,17.019,13.72,11.465,8.823,8.273,6.87,5.293,5.054,4.059,2.597,
523.000,61.725,55.28922,42.04315,24.66973,18.34,14.555,10.728,9.226,9.839,8.498,10.279,13.548,18.413,26.503,32.222,41.089,53.382,64.371,73.211,80.18,82.297,88.176,85.535,82.453,76.195,68.049,59.817,48.792,38.369,28.125,22.595,17.913,13.711,9.862,8.57,7.72,5.945,4.914,4.791,3.931,2.597,
524.000,45.54,52.243,38.53438,26.95715,19.242,16.895,11.942,8.239,9.005,9.893,11.001,14.781,16.465,24.666,29.38,40.229,49.735,61.576,73.088,76.109,81.657,86.191,81.582,80.116,74.446,65.997,56.915,46.6,36.642,28.939,19.832,16.222,12.13,10.544,9.214,7.496,5.443,4.265,4.188,4.193,2.832,
525.000,44.454,51.249,38.69869,21.54826,19.433,13.746,9.783,7.834,8.932,9.348,9.973,11.614,18.097,22.662,29.366,39.489,52.496,59.622,70.07,77.032,80.638,79.411,79.002,74.909,70.864,63.9,53.476,45.564,38.493,27.794,20.02,14.618,12.312,10.531,8.215,6.127,5.625,5.148,4.774,4.027,2.734,
526.000,53.745,43.687,37.15436,21.64949,20.006,12.439,10.448,9.137,8.459,8.971,11.466,11.223,17.21,23.53,29.386,38.577,46.046,58.347,68.333,71.768,78.571,77.809,78.047,74.559,69.05,65.674,53.889,43.107,35.259,27.913,19.043,14.604,12.879,9.532,9.009,7.353,5.8,5.322,3.852,4.235,3.111,
527.000,44.103,46.697,35.5436,21.68025,20.3152,14.362,9.217,8.643,8.935,8.867,9.202,11.908,16.793,22.285,28.657,37.436,46.824,57.74,63.127,71.817,73.018,75.292,76.341,73.051,70.114,58.825,52.446,42.823,35,26.977,19.353,14.867,11.968,10.52,8.382,6.618,5.603,4.856,3.642,3.703,3.689,
528.000,46.545,43.18,33.51908,21.34226,21.23859,14.632,9.601,8.683,6.18,7.8,9.01,12.698,15.973,22.96,27.132,37.947,46.768,55.195,64.031,68.078,70.26,74.336,73.875,70.425,65.244,56.843,50.982,42.696,32.861,26.182,19.134,16.018,11.464,9.5,7.861,6.289,5.81,4.951,3.637,3.561,2.929,
529.000,44.965,45.684,32.23398,23.58002,19.96525,12.648,9.935,9.114,7.566,8.739,9.734,11.407,14.369,20.907,27.377,34.163,46.428,54.588,60.595,66.676,76.742,74.793,69.757,71.555,62.615,56.16,48.047,40.961,32.616,25.789,18.583,14.504,11.066,9.9,7.986,6.852,5.077,4.407,3.559,4.009,3.12,
530.000,44.595,44.203,32.62431,23.06,20.32125,14.824,8.637,8.566,8.116,7.429,10.286,13.167,16.122,19.285,27.624,33.817,42.87,53.588,59.429,65.246,68.97,69.667,70.787,68.901,61.032,57.636,48.859,40.27,32.879,25.035,18.249,14.539,11.184,9.759,7.547,6.817,5.419,4.215,3.45,3.252,3.342,
531.000,44.528,39.812,30.78971,18.21602,20.56069,13.142,10.911,9.029,7.807,8.296,8.527,11.701,14.83,19.481,25.659,32.083,43.555,50.216,58.903,62.413,67.501,67.823,67.533,64.051,60.327,54.613,46.416,38.604,31.558,22.97,17.966,14.379,11.763,9.182,7.454,5.724,5.379,4.741,3.197,2.939,3.511,
532.000,47.513,35.851,30.06378,22.65563,20.31422,12.563,10.248,7.372,8.037,7.898,9.382,10.311,14.468,18.944,23.424,35.097,41.955,49.349,54.762,61.414,67.947,68.948,66.178,62.864,59.091,52.25,47.899,37.007,30.237,23.065,17.749,13.688,10.26,8.256,7.639,6.445,5.565,4.115,3.751,3.42,3.276,
533.000,45.047,37.506,27.59231,18.98303,20.57898,14.085,11.078,7.001,6.852,8.302,7.845,11.591,14.806,18.056,23.719,31.629,38.31,47.46,56.116,59.644,62.638,64.106,62.838,62.239,55.561,51.628,42.954,34.751,29.322,22.483,17.571,13.099,10.382,8.715,6.827,6.172,5.153,4.44,3.54,3.087,3.185,
534.000,36.599,42.477,28.597,20.26015,20.48689,15.08,8.629,8.141,6.274,8.052,9.426,11.249,14.245,16.949,20.696,29.251,37.833,47.676,52.912,62.939,62.581,61.983,62.532,60.763,55.871,50.708,42.572,36.572,30.623,22.884,15.16,12.981,10.199,8.181,7.456,5.82,5.227,4.695,3.429,3.059,2.915,
535.000,46.226,43.814,25.691,20.01214,19.64914,10.417,10.591,8.519,7.941,7.306,8.109,10.973,13.094,18.225,23.034,31.146,36.803,43.994,52.752,56.022,60.571,59.027,59.474,56.692,54.042,48.124,41.605,35.312,27.622,20.99,16.633,12.445,9.763,7.524,7.093,6.094,4.647,4.047,3.586,2.556,3.278,
536.000,39.292,38.901,23.572,17.5911,18.91262,10.521,9.25,7.826,8.369,8.761,7.942,10.377,12.897,18.198,20.917,28.856,36.024,43.683,48.224,52.879,56.065,60.996,58.86,56.211,51.856,46.422,40.653,33.343,28.457,20.538,15.964,12.354,9.09,7.733,7.416,5.789,5.239,3.92,3.745,2.721,3.01,
537.000,33.074,36.833,27.325,16.08019,19.61882,10.53539,8.968,7.544,6.701,6.697,8.005,11.088,12.199,16.328,23.93,28.52,36.482,43.457,51.194,53.7,58.577,58.043,56.485,52.665,50.491,46.401,40.248,33.456,26.051,19.913,16.724,11.835,10.078,8.281,6.121,5.698,4.518,4.158,3.807,2.461,2.958,
538.000,44.409,36.311,21.819,19.55035,19.46955,10.70161,7.359,8.009,6.659,4.725,6.764,9.178,13.142,16.812,19.553,28.174,35.987,41.014,47.174,52.892,55.488,53.4,52.479,52.437,49.479,43.217,39.167,32.002,24.557,18.344,15.236,11.561,10.093,7.73,6.695,5.916,5.153,4.036,3.064,2.379,2.507,
539.000,33.054,32.289,21.231,18.46516,18.95745,9.503834,7.706,8.688,8.092,7.439,8.081,9.584,12.186,15.575,20.72,24.146,32.493,39.412,45.824,49.222,52.098,56.388,54.413,52.606,47.657,43.265,37.806,31.374,24.312,19.147,14.021,11.556,9.534,7.604,6.313,5.224,4.631,3.846,3.125,2.692,2.379,
540.000,35.852,32.035,25.562,17.99562,18.98684,9.955519,10.305,7.985,6.068,6.155,7.481,9.947,11.139,14.628,20.413,26.364,30.464,39.47,44.691,47.371,54.219,50.553,52.395,49.914,48.603,42.292,36.89,29.11,24.224,17.421,13.582,11.359,8.897,7.665,6.095,5.519,4.929,3.93,2.895,2.724,2.364,
541.000,35.642,32.756,19.589,15.07325,17.72735,8.250808,8.315,8.31,6.367,6.672,6.548,10.044,11.904,13.4,19.044,24.543,33.236,36.732,42.871,48.47,50.115,51.656,50.486,49.754,47.31,41.003,35.924,27.677,24.011,18.31,14.404,10.861,8.315,6.866,6.357,5.23,4.436,3.915,3.329,2.985,2.401,
542.000,31.966,27.496,21.302,16.52075,18.18667,7.896888,8.882,6.453,6.762,7.298,7.498,9.03,10.954,14.109,19.434,24.313,27.707,39.716,42.941,47.324,50.778,49.191,49.569,47.363,44.988,38.354,35.118,29.6,21.934,17.549,14.185,10.509,8.399,7.051,6.008,5.155,4.319,3.852,3.051,3.069,2.3,
543.000,44.241,31.07,19.756,16.87944,17.72467,7.648705,8.58,6.022,6.047,5.726,7.201,10.377,11.222,15.718,19.941,23.03,31.572,37.378,40.662,48.275,49.546,46.575,46.38,45.073,42.786,38.039,31.322,26.564,22.634,17.868,13.187,10.89,8.673,7.307,6.4,4.812,4.57,3.519,3.314,2.48,2.082,
544.000,34.882,29.942,22.019,16.748,16.05191,7.143425,6.348,5.537,4.918,8.654,6.05,7.644,10.611,14.054,16.286,21.635,29.049,33.187,40.428,44.27,47.54,47.606,46.694,46.305,41.83,36.013,31.54,26.75,21.4,16.885,12.519,10.014,7.6,6.348,5.349,4.888,4.759,3.326,3.21,2.771,2.434,
545.000,42.451,32.005,21.325,15.582,17.13824,7.302816,8.342,5.344,6.261,6.518,6.729,8.367,9.907,13.748,17.89,24.432,28.19,32.044,39.34,42.935,45.023,44.446,45.435,42.901,41.341,37.772,31.605,26.265,21.394,15.223,12.867,10.364,7.287,6.198,6.665,5.483,4.838,3.241,3.067,3.122,1.918,
546.000,32.748,27.331,23.834,15.505,15.27505,6.489003,8.216,7.013,6.62,5.723,7.03,6.897,9.713,14.271,17.58,24.386,29.13,33.994,37.712,43.892,44.256,43.706,43.307,42.072,39.662,35.759,30.015,26.174,20.529,16.785,11.359,8.872,7.998,6.953,5.847,4.96,3.665,3.934,2.8,2.34,1.845,
547.000,29.679,27.111,16.026,13.615,15.5912,6.34866,7.67286,6.781,5.558,5.066,7.205,7.52,10.192,12.862,16.571,22.246,28.103,32.117,36.662,39.725,40.359,45.648,41.536,39.533,38.468,33.647,28.252,25.306,21.103,15.906,11.718,10.063,7.577,6.185,5.46,4.649,4.435,3.554,3.319,2.743,2.167,
548.000,31.025,33.089,16.43,14.029,14.70473,5.321663,8.234666,5.724,6.383,5.74,6.126,8.237,9.406,11.477,15.597,20.066,26.059,30.467,34.292,38.676,40.155,40.196,41.54,40.274,38.244,32.678,27.956,23.307,20.723,14.312,11.382,8.974,6.963,6.227,5.184,4.73,4.565,3.288,2.675,2.643,2.47,
549.000,33.019,24.325,15.893,15.145,13.77134,5.255102,4.987697,4.95,4.307,4.457,6.538,7.339,10.447,13.887,14.896,19.683,26.6,30.288,34.706,38.071,38.275,42.197,41.722,39.575,35.934,33.213,29.479,25.858,19.319,15.971,12.125,9.827,6.745,5.894,5.006,4.475,4.343,3.307,3.294,2.709,2.124,
550.000,25.675,26.75,18.014,13.215,12.79139,3.874761,7.557954,5.045,4.883,5.459,6.02,6.772,6.891,11.932,16.92,19.826,23.373,27.678,33.596,36.437,38.483,37.043,39.57,39.774,34.659,31.602,26.434,21.91,18.784,14.385,10.857,8.577,6.408,5.786,5.1,4.644,4.078,3.069,2.893,2.243,2.752,
551.000,29.452,29.391,17.016,12.972,12.66898,5.43504,6.307658,6.664,4.827,5.077,6.854,7.347,9.078,10.608,13.947,18.891,23.151,27.667,33.753,34.029,38.697,37.749,38.897,35.198,36.359,31.257,25.405,21.512,16.262,13.125,10.68,8.546,7.409,5.822,4.911,4.053,4.4,2.929,2.637,2.246,2.188,
552.000,27.449,29.435,19.246,17.651,12.37983,3.719838,7.718545,6.523,4.523,5.084,5.354,5.817,9.531,9.809,15.098,18.232,23.963,26.545,31.132,35.7,35.809,36.26,37.826,37.779,30.652,29.917,24.3,21.065,18.222,13.484,10.312,7.871,7.023,5.548,4.788,3.868,3.812,3.2,2.775,2.299,2.108,
553.000,29.737,30.458,16.591,14.278,11.48536,4.193526,6.523744,5.63,3.591,5.634,5.3,6.748,8.457,10.96,13.487,17.745,22.794,24.781,29.744,34.517,35.286,34.268,34.335,34.432,30.728,28.604,25.958,21.285,16.763,13.53,9.684,8.128,6.541,5.268,5.155,3.946,3.049,3.345,2.541,2.179,2.164,
554.000,24.541,27.009,18.87,8.917,10.396,3.013645,6.74925,5.636,4.637,7.046,5.759,6.227,8.178,10.736,13.709,18.326,22.233,25.068,30.475,33.324,33.63,33.993,32.279,33.337,30.179,28.094,24.918,22.476,16.794,12.117,10.327,8.604,7.457,5.621,4.793,4.002,4.08,3.263,2.704,2.517,1.942,
555.000,29.369,29.589,15.841,12.635,10.543,4.485441,7.79628,4.375,4.184,4.033,4.408,4.757,8.433,9.805,14.185,17.724,19.887,25.468,29.087,31.305,33.752,34.035,34.316,33.551,31.136,28.279,23.393,19.288,15.409,11.733,10.027,7.664,6.819,6.255,4.24,3.905,3.749,3.262,2.294,2.576,1.962,
556.000,22.101,33.095,15.731,11.735,9.896,5.131167,6.685422,5.12,4.314,5.52,4.926,6.2,8.052,9.864,12.003,15.295,20.633,23.947,27.078,30.425,33.106,33.131,31.624,31.403,31.724,24.858,24.176,20.097,16.091,12.13,9.268,7.764,6.621,5.242,4.298,4.43,3.658,3.217,2.764,2.2,1.67,
557.000,19.995,30.538,16.326,10.045,6.413,4.543977,8.179739,4.338174,5.065,5.158,5.731,5.161,7.211,8.826,12.515,17.364,20.156,22.793,27.565,29.684,33.398,32.746,34.899,29.106,30.206,25.323,22.713,18.25,15.796,11.252,8.631,7.248,6.59,4.939,4.287,4.017,3.386,3.226,2.963,2.412,1.801,
558.000,17.753,31.736,16.435,12.54,7.306,3.46713,5.839315,4.228397,4.892,5.667,3.275,6.22,7.441,8.565,12.967,15.094,20.134,25.065,26.796,29.822,31.718,32.123,31.455,28.925,27.942,26.005,21.485,18.784,14.999,11.88,9.055,7.477,6.029,5.242,4.394,4.153,3.344,3.031,2.857,2.101,2.005,
559.000,21.388,28.061,14.003,9.597,9.131,6.623197,5.716348,4.777494,4.861,4.13,4.578,5.779,6.844,7.616,11.339,15.782,18.236,22.188,25.676,27.842,30.6,29.95,30.38,28.573,26.428,22.352,21.209,18.312,15.756,11.196,8.882,7.694,6.101,4.922,3.996,3.434,3.023,2.498,2.473,2.534,1.866,
560.000,18.976,36.843,16.05,10.326,11.105,5.882655,6.003038,3.745885,3.931,3.975,5.436,6.464,7.612,8.612,12.19,14.792,18.008,21.364,23.757,27.481,29.849,30.964,28.788,29.703,27.564,23.949,20.45,16.942,13.233,10.783,8.831,7.09,5.631,4.504,4.056,3.687,3.235,3.295,2.492,2.443,1.708,
561.000,16.745,23.978,13.865,10.871,9.993,3.828895,5.220343,2.915842,5.13,5.1,5.613,6.98,7.435,9.383,13.067,15.992,17.582,20.89,25.532,27.624,28.403,28.966,29.797,27.825,24.879,22.41,19.201,17.142,14.216,11.147,8.866,6.954,5.783,4.565,4.126,3.759,2.928,2.937,2.746,2.12,1.886,
562.000,24.498,27.927,16.278,11.268,8.362,5.766317,4.707617,3.105731,5.371,4.11,6.761,6.122,5.94,9.135,11.722,13.36,18.227,20.018,25.206,27.507,26.759,26.828,27.458,27.177,24.811,22.763,20.122,16.531,13.835,10.942,7.253,6.87,4.87,4.201,4.15,2.901,3.582,2.511,2.412,2.224,1.766,
563.000,14.478,25.684,18.605,10.418,9.222,6.025004,6.46953,3.637889,4.08,4.618,3.659,5.073,6.569,7.922,10.295,14.325,16.773,20.348,22.574,25.312,27.662,27.554,26.906,24.203,23.086,21.973,19.673,16.352,12.835,10.522,8.233,6.141,5.229,4.31,3.763,3.601,3.233,2.533,1.964,2.351,2.034,
564.000,22.28,22.156,12.819,7.934,10.889,6.382,6.315166,3.622172,5.774,4.449,4.631,5.627,6.902,8.212,10.019,13.16,14.787,18.755,21.913,25.349,26.399,25.882,26.289,24.848,23.514,20.471,19.14,15.33,13.838,10.111,7.732,6.412,5.312,4.566,3.865,3.361,3.241,2.463,2.42,1.876,1.711,
565.000,11.553,26.983,18.275,10.744,9.312,7.441,7.336424,3.693735,4.559,3.766,3.907,5.069,5.545,7.62,10.002,13.676,14.549,18.144,22.575,21.493,25.887,26.367,25.816,23.074,22.143,18.907,17.861,15.644,12.209,9.844,7.433,5.886,5.128,3.815,4.391,3.448,2.669,2.818,1.99,1.96,1.573,
566.000,15.978,19.38,21.427,9.524,8.581,7.95,5.551749,4.472211,4.641,5.247,5.314,3.958,6.482,8.957,11.189,12.646,15.704,17.963,21.265,22.826,27.163,25.247,26.032,23.852,21.044,20.003,16.827,14.758,12.614,8.609,7.248,5.685,4.978,4.114,3.666,3.79,3.098,2.536,2.723,2.129,1.809,
567.000,19.208,21.356,22.738,9.25,8.237,7.058,5.030243,3.410155,5.2765,5.562,4.426,4.327,6.797,8.842,9.308,13.288,15.889,19.086,22.036,21.097,23.122,24.754,23.725,24.068,21.862,19.953,18.148,13.921,11.285,9.753,7.285,5.926,4.579,4.141,3.532,3.149,3.027,2.825,2.201,1.798,1.884,
568.000,13.315,18.365,27.318,9.064,9.037,8.51,6.363679,3.029168,4.523758,3.115,3.411,5.373,6.637,6.72,9.517,12.725,14.096,17.722,19.163,22.464,24.34,23.739,24.165,21.677,22.132,19.919,16.584,14.677,12.416,8.416,6.996,5.61,4.269,4,3.815,2.924,2.43,2.546,2.276,2.056,2.041,
569.000,17.288,13.048,24.391,8.972,5.496,6.38,5.603178,3.413877,4.456046,3.38,3.605,5.494,5.208,7.734,9.508,10.281,15.365,17.332,18.15,19.975,22.29,23.368,22.17,21.089,20.019,18.209,15.861,13.985,9.766,9.123,6.993,5.351,4.306,3.604,3.617,3.462,3.079,2.923,2.212,2.036,1.905,
570.000,20.934,20.74,24.615,8.815,10.026,6.352,4.591956,3.713176,4.565073,5.092,4.403,4.212,5.471,6.746,7.44,11.413,15.303,15.525,18.061,20.775,21.183,23.154,20.631,20.664,18.973,18.247,15.2,13.304,11.333,8.273,6.291,5.174,4.04,3.535,3.527,3.094,2.99,2.334,2.343,1.653,1.763,
571.000,13.542,20.528,25.596,8.795,7.981,4.737,5.812207,3.227822,3.440787,4.703,5.066,4.587,5.997,7.751,7.649,10.799,13.604,15.03,17.139,19.923,21.005,20.933,21.45,20.32,19.402,17.993,14.665,13.095,9.599,8.323,6.219,5.58,4.308,3.711,3.169,3.094,2.563,2.181,2.34,1.723,1.861,
572.000,17.014,12.043,19.924,7.726,5.926,5.218,5.901135,3.451351,4.58576,5.387,3.916,4.904,4.303,7.805,8.256,11.279,13.898,15.06,17.724,19.154,20.247,22.43,20.324,20.235,19.978,17.354,13.697,12.925,10.666,8.55,6.912,5.564,4.5,4.091,3.191,2.755,2.665,2.614,2.145,1.819,1.626,
573.000,15.628,13.683,16.155,8.41,6.731,6.887,7.452002,3.73794,3.366428,3.453,4.223,5.295,6.988,6.39,8.334,10.681,12.358,15.901,15.252,19.933,19.051,21.244,20.044,20.239,18.243,15.288,15.539,12.264,10.017,7.157,6.445,5.216,3.594,3.565,2.79,2.903,2.886,2.217,2.102,1.735,1.627,
574.000,14.403,18.76,15.226,11.035,6.289,7.651,6.128,3.952997,4.646621,4.069,3.279,3.648,4.564,5.68,7.794,9.235,12.423,13.436,16.042,16.66,20.783,20.473,19.781,19.623,17.088,16.492,13.335,11.53,9.775,8.467,5.806,4.728,3.835,3.318,3.019,2.916,2.151,2.405,2.376,1.783,1.495,
575.000,14.478,15.583,16.414,12.276,6.859,6.919,5.941,4.39847,4.037057,3.639,3.516,3.772,5.183,5.2,6.772,10.5,11.641,14.072,17.775,18.182,18.945,18.422,19.148,18.533,17.806,16.208,14.988,11.883,9.497,7.64,5.652,4.822,4.2,3.402,3.006,2.972,2.784,2.008,1.997,1.882,1.916,
576.000,17.483,12.414,15.407,13.352,7.709,7.47,4.268,4.752501,4.638748,4.495,3.228,3.881,5.092,5.953,7.771,9.696,11.083,13.713,15.981,17.547,17.281,19.683,17.418,17.237,15.632,15.405,13.842,11.292,9.345,7.538,5.71,4.684,3.091,3.067,3.069,2.757,2.519,1.96,2.109,1.897,1.668,
577.000,10.075,13.105,14.911,14.963,6.354,6.156,7.637,4.886118,3.43933,4.48108,4.528,4.19,4.147,6.1,7.757,9.127,13.643,13.345,14.566,17.298,18.687,18.068,17.055,18.058,16.763,16.172,13.1,10.39,8.879,7.759,5.59,4.951,4.009,3.142,2.915,2.614,2.401,2.084,1.888,1.471,1.7,
578.000,14.582,11.623,8.786,17.301,7.32,6.231,4.654,4.768528,4.167367,3.458221,3.514,2.73,4.92,5.443,6.52,9.78,10.842,14.015,14.274,17.258,17.478,16.72,17.381,16.438,15.558,13.531,12.923,11.028,9.219,7.046,5.982,4.475,3.961,3.372,3.414,3.165,2.194,2.221,1.979,1.695,1.798,
579.000,15.014,15.049,10.729,19.848,6.492,6.528,5.795,3.739731,4.526052,3.559251,2.891,3.216,4.339,6.956,7.61,8.545,10.967,13.14,14.07,15.313,16.354,16.468,18.021,15.839,13.576,14.14,12.024,10.543,8.117,6.629,5.707,3.996,3.934,3.658,3.257,2.04,2.416,2.171,1.999,1.983,1.409,
580.000,12.307,13.357,9.789,16.551,7.976,4.613,5.267,5.217916,3.952493,3.184171,3.765,4.081,3.725,5.934,8.045,8.948,11.946,12.886,13.581,16.028,16.039,16.114,16.588,15.512,14.199,13.159,12.491,9.912,8.48,6.543,4.903,4.175,3.448,2.662,2.779,3.397,2.025,2.107,1.792,1.871,1.68,
581.000,11.078,11.849,10.567,19.577,6.903,5.923,6.392,3.829676,4.228405,3.890126,4.803,2.891,5.05,6.04,6.899,10.043,10.436,11.326,13.549,15.514,16.64,15.947,16.146,14.381,15.126,13.501,10.48,8.457,8.237,6.497,5.217,3.487,3.539,3.155,2.845,2.762,2.222,2.367,1.79,1.93,1.26,
582.000,10.89,14.575,10.075,22.529,5.982,5.627,3.651,4.950417,4.937252,3.710005,3.589,4.394,4.149,4.623,6.987,8.379,10.467,11.485,14.13,14.301,16.421,15.754,17.484,15.098,14.577,12,11.489,9.797,7.888,6.023,4.98,3.461,3.225,3.041,2.567,2.555,2.312,1.965,1.979,1.467,1.386,
583.000,13.592,12.331,10.007,20.509,7.413,6.373,4.117,4.631645,4.939551,3.595659,3.531,5.432,4.573,5.559,5.735,7.654,8.931,11.701,13.663,13.81,15.112,13.897,14.99,14.033,14.479,13.384,9.9,9.001,8,6.772,4.439,4.06,4.024,2.504,2.729,2.015,2.256,2.069,1.743,1.411,1.751,
584.000,11.057,16.188,9.658,17.424,6.609,6.707,4.736,4.537,3.383886,1.862004,3.072,3.781,5.275,5.764,6.752,7.062,10.105,11.584,13.804,15.174,14.665,13.856,14.638,14.401,12.235,12.359,10.974,7.249,6.494,6.366,4.813,3.613,3.277,3.131,2.879,1.976,1.944,2.28,2.02,1.768,1.397,
585.000,8.872,12.948,9.721,17.961,6.271,5.42,6.731,3.72,3.496067,2.493197,3.001,3.102,4.525,4.839,6.039,7.268,9.638,10.023,13.24,12.456,13.638,13.267,12.905,12.191,12.964,11.764,10.027,9.757,8.009,5.41,4.325,4.096,3.667,2.601,2.555,2.297,2.314,2.091,2.213,1.733,1.416,
586.000,14.877,17.036,10.353,12.842,6.321,4.802,6.422,5.107,4.105794,4.585564,2.982,4.197,3.557,5.186,6.497,8.845,8.142,10.429,11.752,12.751,14.756,14.548,14.851,14.064,13.086,10.087,8.878,8.21,6.703,5.719,3.962,3.34,3.243,2.641,2.417,1.971,2.073,2.643,1.574,1.794,1.522,
587.000,11.311,12.079,9.98,13.032,9.957,5.243,4.522,4.056,3.699842,3.386007,3.058855,3.153,4.178,4.787,5.332,6.614,9.21,10.955,11.396,13.564,12.904,12.647,14.185,13.028,11.863,11.075,10.56,8.714,7.543,5.388,4.251,3.597,3.136,3.034,2.18,2.583,1.9,1.927,2.135,1.566,1.564,
588.000,16.381,13.52,8.781,9.831,9.052,3.803,2.853,5.636,4.283651,2.71753,3.010727,2.708,5.036,4.985,6.562,7.147,9.816,9.889,11.074,11.829,11.344,13.271,12.895,11.825,11.797,11.048,10.11,7.552,7.83,5.299,3.776,3.698,3.131,2.887,2.232,1.862,2.13,2.28,1.52,2.043,2.036,
589.000,9.513,10.637,11.377,7.542,13.969,5.086,4.423,3.482,3.664441,3.660459,2.772752,4.347,4.807,4.209,6.198,7.655,8.236,8.62,11.961,12.766,12.476,12.879,12.814,11.318,12.201,11.129,8.815,7.826,6.599,6.214,4.242,3.967,3.495,2.48,2.754,2.537,1.935,2.02,1.887,1.564,1.229,
590.000,7.628,10.595,9.997,6.715,14.698,5.326,4.832,3.544,3.875879,4.660691,2.393313,2.184,2.849,3.459,6.311,7.558,8.11,9.855,9.845,12.917,12.864,11.989,12.711,11.641,11.41,9.283,7.578,8.159,6.015,5.274,3.5,4.078,2.798,2.358,1.918,2.281,2.35,1.601,1.843,1.359,1.432,
591.000,11.426,9.913,9.345,6.651,13.784,4.716,5.544,4.009,3.761699,4.294264,2.659701,3.189,3.385,5.106,6.285,7.274,9.204,9.515,11.007,10.903,12.066,11.331,12.891,11.005,10.835,9.059,9.344,7.044,6.343,4.924,4.77,3.187,3.614,3.033,2.165,2.395,2.054,1.738,1.484,1.175,1.526,
592.000,8.781,9.225,9.803,6.53,18.767,4.96,3.349,4.039,3.585697,1.64727,2.957264,2.148,4.308,5.025,4.566,6.252,8.143,9.36,10.574,12.596,11.111,12.887,11.47,12.229,10.679,10.3,8.564,7.583,6.637,4.719,4.361,3.239,2.733,2.493,2.279,1.723,2.236,2.232,1.613,1.812,1.384,
593.000,13.877,12.669,10.278,7.427,12.42,4.029,4.75,3.132,3.325784,3.701976,2.58281,3.601,2.775,4.355,3.983,6.36,6.83,8.806,11.217,10.855,11.784,11.702,11.909,11.762,10.239,9.527,7.848,6.715,5.079,4.841,3.902,3.426,3.316,2.286,2.486,1.817,1.845,1.574,1.692,1.576,1.254,
594.000,6.295,15.99,8.376,6.89,17.004,3.871,3.913,4.426,2.949,4.672436,2.211737,2.644,3.816,3.715,5.894,5.905,6.98,10.268,11.745,9.587,11.229,10.221,11.274,9.899,10.469,9.534,7.61,7.013,6.547,4.46,3.02,3.389,2.825,2.4,2.262,2.439,1.992,1.942,1.684,1.401,1.351,
595.000,10.378,12.067,10.529,6.077,13.255,6.379,2.943,2.566,2.985,3.192958,2.364682,2.524,3.816,3.39,5.711,6.596,7.37,8.591,9.98,9.5,10.966,13.007,10.422,10.156,9.47,8.8,7.122,6.851,4.891,4.267,4.286,4.182,2.687,2.133,2.466,2.229,2.228,1.416,1.682,1.787,1.333,
596.000,12.264,9.209,7.905,3.526,15.672,5.973,3.169,3.019,3.403,3.164823,2.098771,1.836,3.905,4.574,4.757,6.636,7.073,9.03,9.074,10.924,10.539,10.725,9.823,10.19,9.121,8.836,7.187,7.255,5.382,3.908,3.356,3.004,2.892,2.16,2.47,2.305,1.951,1.75,1.335,1.442,1.263,
597.000,11.254,9.642,9.069,7.579,14.259,5.119,4.678,3.26,3.662,3.076546,2.155767,2.792042,3.208,4.265,4.893,6.566,7.63,8.474,10.033,10.311,9.224,11.029,9.422,9.554,9.64,8.129,7.752,6.19,5.527,4.932,3.484,3.432,2.641,2.676,1.902,1.95,1.966,1.667,1.909,1.809,1.033,
598.000,11.519,10.73,6.058,9.726,11.876,7.569,3.173,3.484,1.808,4.460714,2.187739,2.220395,3.67,4.123,4.678,5.768,7.288,7.649,9.182,9.692,9.967,11.806,9.784,9.443,8.939,8.347,7.581,6.691,5.236,3.966,3.41,3.08,2.692,2.502,2.344,2.189,2.049,1.74,1.539,1.469,1.409,
599.000,8.81,11.03,10.932,5.542,12.444,8.97,3.355,3.57,3.796,3.753446,2.662074,2.53527,5.008,4.226,4.278,5.849,6.67,8.217,8.191,8.638,10.17,9.663,10.853,10.196,9.245,9.146,7.191,6.73,4.626,4.228,4.015,2.808,2.682,1.463,1.957,1.818,1.576,1.577,1.494,1.332,1.099,
600.000,9.73,10.224,7.764,6.792,9.835,8.422,4.045,2.797,3.236,2.682802,1.893953,1.856928,2.602,4.056,4.89,5.245,7.42,6.43,8.668,8.669,8.608,10.2,9.272,8.622,8.365,8.504,6.946,6.94,5.352,4.266,3.512,3.029,2.745,2.695,2.245,2.164,1.577,1.517,1.606,1.245,1.448,
601.000,8.396,9.801,6.694,8.77,7.29,9.994,4.555,5.777,3.814,3.081765,2.372079,1.947785,3.214,3.635,4.844,6.109,7.815,7.124,7.336,7.605,9.442,9.026,9.418,9.582,7.73,8.245,7.123,6.004,5.318,3.776,3.066,2.466,2.708,2.186,1.941,1.955,1.909,1.442,1.413,1.793,1.286,
602.000,8.829,10.27,5.613,6.779,5.581,10.818,3.056,3.088,3.883,3.292874,2.323617,2.181904,3.909,3.052,4.082,4.79,6.616,7.938,7.704,8.856,9.536,8.39,9.083,9.231,7.92,7.02,7.196,5.935,4.659,4.078,3.038,3.198,2.197,1.865,2.296,1.852,1.931,1.774,1.726,1.225,1.433,
603.000,11.78,7.143,11.089,6.947,6.388,12.875,3.35,2.25,2.476,2.277202,2.339078,2.213452,2.895,3.757,5.185,5,6.104,7.043,8.772,9.132,8.562,9.096,8.567,8.625,7.566,7.301,6.29,6.238,5.27,3.786,3.034,3.215,2.302,2.245,2.333,1.799,1.951,2.01,1.685,1.563,1.159,
604.000,9.235,14.471,8.494,7.305,7.297,14.613,4.512,3.768,2.521,1.96,2.940459,2.305585,3.644,2.993,4.536,6.105,5.96,6.319,8.203,8.841,7.942,8.225,8.525,8.768,8.985,6.993,6.116,6.355,4.813,3.842,3.128,2.626,2.197,1.799,1.68,1.997,1.607,1.509,1.465,1.184,1.319,
605.000,12.551,10.7,6.152,7.005,4.097,13.978,4.076,3.819,3.133,3.981,2.713436,2.44983,2.698,3.389,4.511,5.03,6.802,7.104,5.846,7.494,7.988,9.221,8.464,7.957,7.054,7.087,6.199,5.364,4.939,3.987,3.001,2.645,2.524,1.6,1.792,1.76,1.13,1.394,1.504,1.466,1.3,
606.000,10.304,10.614,9.415,4.848,6.625,14.228,3.259,4.193,3.232,2.283,3.170999,2.505568,3.522,3.625,4.055,3.986,6.326,5.914,7.978,8.023,9.61,7.181,8.131,7.866,7.222,6.296,5.722,5.378,4.725,4.116,2.58,2.223,1.935,1.994,1.659,1.701,1.857,1.431,1.816,1.278,1.225,
607.000,11.477,11.585,6.797,5.332,4.294,12.077,4.715,3.019,4.159,2.148,2.221429,3.333124,3.164221,2.669,3.588,5.732,4.832,6.346,7.066,8.258,7.738,6.741,8.41,7.553,6.197,6.493,6.085,5.102,4.268,3.25,2.157,2.667,1.897,2.168,1.537,1.77,1.514,1.059,1.42,1.903,1.032,
608.000,10.314,11.073,6.988,4.508,5.339,10.239,4.546,4.51,4.233,2.789,2.887972,1.410846,3.616927,3.276,4.112,4.102,4.804,5.868,6.599,7.371,7.763,8.151,7.498,7.152,7.687,5.364,5.147,5.23,4.485,3.64,2.522,2.693,2.079,1.793,1.903,1.545,1.863,1.404,1.663,1.111,1.527,
609.000,9.332,9.391,7.599,5.478,5.638,14.038,4.959,2.796,4.807,4.006,2.944645,2.470167,2.590766,2.529,4.196,5.26,5.119,5.058,6.133,6.691,7.227,9.48,7.548,7.451,7.016,6.193,4.88,4.813,4.34,3.804,3.006,2.734,2.143,1.9,1.688,1.591,1.782,1.443,1.321,1.56,1.033,
610.000,11.708,7.068,5.941,6.956,5.359,9.874,6.169,4.095,3.074,3.401,2.441759,2.724458,3.097176,3.126,3.577,4.121,4.807,5.895,7.037,8.1,7.89,7.434,7.135,6.716,7.766,5.424,4.948,4.264,4.114,3.516,3.256,2.059,2.098,1.861,1.958,2.161,1.73,1.459,1.491,1.693,1.788,
611.000,7.354,11.039,7.265,8.643,3.326,9.56,6.344,4.325,2.999,2.793,2.429092,2.054249,3.263821,3.339,4.1,3.966,5.166,5.688,6.529,6.627,7.63,7.205,7.807,7.807,7.173,6.319,6,4.672,4.594,3.689,2.917,2.2,1.819,2.064,2.134,2.006,1.588,1.378,1.321,1.444,1.399,
612.000,10.684,6.433,7.979,5.585,7.473,8.134,7.54,3.989,3.38,3.268,2.111339,2.941804,3.07096,3.245,3.248,4.658,5.163,6.56,5.605,7.154,7.569,7.228,7.197,8.115,6.427,5.218,6.079,4.341,3.299,2.439,2.984,1.965,2.036,1.636,2.268,1.636,1.388,1.662,1.215,1.495,1.242,
613.000,11.333,6.876,7.656,7.247,4.44,8.332,9.489,2.594,3.104,3.034,1.99123,2.121376,3.250048,3.48,3.725,4.046,4.061,4.427,6.036,6.743,6.821,8.595,8.656,6.947,5.433,6.025,4.77,4.895,3.589,3.204,2.788,1.932,1.774,2.374,2.11,1.975,1.394,1.558,1.334,1.303,0.971,
614.000,12.145,4.35,9.693,3.01,3.412,6.246,8.059,2.396,2.98,2.267,1.64,3.429079,3.791924,3.559,4.023,3.478,4.942,4.313,7.492,6.357,7.229,6.993,7.459,8.01,6.12,5.352,5.765,4.05,4.037,3.808,2.454,1.893,1.744,1.595,1.732,1.544,1.499,1.427,1.304,1.156,1.111,
615.000,5.73,11.627,11.012,6.351,6.024,7.054,11.101,3.074,2.945,2.469,3.227,3.759882,3.746755,2,3.78,3.977,4.577,5.693,6.154,7.355,6.493,6.685,7.13,6.451,5.094,5.486,4.733,4.808,4.287,3.432,2.12,2.374,1.773,1.811,1.362,1.703,1.324,1.794,1.285,1.351,1.181,
616.000,6.087,6.865,7.129,5.871,6.229,5.378,10.379,2.575,3.177,3.586,2.579,3.089474,3.491638,3.315,4.617,3.907,4.574,4.225,6.263,6.635,5.748,6.955,7.567,6.676,6.702,5.439,5.126,4.556,3.8,2.589,2.038,2.007,1.928,1.896,2.044,1.331,1.872,1.604,1.636,1.388,1.086,
617.000,10.031,7.36,7.228,7.512,5.734,4.806,13.716,4.794,3.358,1.959,1.643,3.151285,4.007509,2.538311,3.46,2.403,6.523,5.372,5.504,5.803,7.062,6.705,5.919,6.043,6.198,5.412,4.601,4.827,3.482,3.053,2.142,2.191,2.043,1.79,1.843,1.642,1.663,1.523,1.389,1.358,1.386,
618.000,5.912,11.7,5.154,7.364,5.52,3.762,14.796,3.391,3.326,2,3.357,3.142943,4.193296,1.993084,3.032,3.46,4.962,4.353,4.571,5.37,6.48,5.921,5.747,7.425,5.511,4.141,4.005,4.287,3.151,3.448,2.519,1.811,1.891,1.709,1.822,1.586,1.319,1.562,1.44,1.01,1.026,
619.000,9.247,8.129,5.898,4.317,6.111,4.791,13.504,4.148,2.936,2.909,2.489,2.893362,4.750199,2.13591,3.688,3.942,4.493,5.185,5.589,6.525,5.646,5.783,5.992,6.041,5.847,5.182,4.627,3.728,3.849,2.884,3.001,2.424,2.387,1.45,1.944,1.537,1.559,1.64,1.418,1.189,1.02,
620.000,8.872,8.967,9.702,6.591,5.514,4.83,13.63,3.752,3.146,2.856,2.914,2.747647,4.369471,2.803133,4.387,2.831,4.558,6.47,5.606,5.905,6.347,5.733,6.371,6.239,5.138,5.097,3.812,4.322,3.677,2.917,1.941,2.308,1.878,1.482,1.51,1.368,1.362,1.679,1.189,1.153,1.178,
621.000,9.272,10.622,8.295,5.785,5.161,2.812,10.052,3.649,2.899,2.453,2.62,2.669877,4.651173,2.475586,2.554,3.24,4.853,4.297,5.452,5.209,6.264,6.175,5.738,5.958,4.733,5.673,4.43,3.985,2.906,2.409,2.067,2.305,2.537,1.769,1.557,1.519,1.359,1.179,1.565,1.194,1.285,
622.000,8.937,9.876,6.701,7.225,7.549,3.144,9.365,4.96,2.688,4.109,2.401,3.525344,4.373235,2.407008,3.114,4.954,4.757,5.383,5.742,6.548,6.426,5.54,5.346,5.057,4.582,4.659,4.621,3.315,3.279,3.417,2.271,2.439,1.767,2.042,2.094,1.615,1.398,1.19,1.151,1.557,1.039,
623.000,10.45,11.068,6.358,8.199,4.451,4.578,7.337,4.77,4.649,2.141,2.288,3.513039,4.283056,2.500244,3.282,3.575,3.967,4.32,4.594,5.3,5.297,5.543,5.672,5.722,4.47,4.293,4.289,4.151,3.08,2.184,2.595,2.352,1.621,1.347,1.377,1.749,1.175,1.406,1.151,0.932,1.123,
624.000,12.466,8.381,5.207,6.315,6.414,4.955,7.941,4.922,4.153,2.904,2.218,2.332,4.806022,2.366603,4.954,4.017,4.483,5.011,4.792,5.435,5.765,5.474,5.372,6.069,5.441,4.329,4.485,3.377,3.277,2.625,1.871,2.342,1.512,1.782,1.707,1.454,1.35,1.272,1.63,1.435,1.158,
625.000,8.317,9.399,8.129,7.751,6.381,4.069,5.164,5.415,1.899,2.372,3.641,2.514,4.231408,2.16692,3.763,3.006,4.646,4.599,4.519,5.061,5.407,5.635,5.476,5.068,5.452,5.387,3.896,3.733,3.108,2.695,2.234,1.674,2.017,1.903,1.307,1.477,1.754,1.575,1.363,1.101,1.052,
626.000,9.752,5.389,5.091,4.201,4.023,4.673,5.747,7.368,2.691,3.164,2.162,2.469,4.919504,1.486697,2.357,3.543,5.697,4.04,5.019,5.283,6.514,5.054,6.061,4.308,4.652,4.096,3.985,4.034,2.639,3.009,2.877,2.093,1.545,1.879,1.126,1.881,1.214,1.436,1.253,1.338,1.505,
627.000,9.004,14.512,6.727,3.499,3.995,4.745,4.609,7.46,3.808,3.835,4.111,2.716,4.988694,1.955016,3.640039,3.876,4.728,4.074,3.951,4.752,5.737,4.617,6.053,5.24,4.493,4.805,4.07,3.26,3.515,2.654,2.364,2.11,1.121,1.687,1.387,1.489,1.49,1.445,1.14,1.104,0.961,
628.000,9.771,6.432,5.632,8.139,7.018,4.226,4.958,11.146,2.613,1.856,3.652,2.848,4.226306,2.010435,3.104081,3.211,3.084,3.914,4.655,5.004,5.379,5.042,5.967,5.036,5.019,3.819,3.839,2.909,3.288,2.961,2.488,1.858,1.75,1.622,1.547,1.714,1.734,1.566,1.236,1.345,0.868,
629.000,12.577,6.924,11.213,5.707,5.92,4.849,3.693,11.499,3.427,3.217,1.272,1.957,4.27071,1.394479,3.354149,4.264,3.276,4.137,3.824,4.6,4.459,4.709,4.426,4.381,5.586,4.485,4.054,2.833,2.406,2.413,2.235,1.831,1.209,1.733,1.397,1.599,1.44,1.326,0.85,1.09,1.28,
630.000,13.627,11.178,9.879,6.8,3.109,4.506,4.748,12.42,3.335,2.822,2.579,2.677,3.843141,1.950452,3.803522,2.688,4.321,3.46,4.919,5.129,4.852,5.014,4.352,4.742,5.504,4.002,3.267,3.529,2.73,2.791,1.587,1.781,1.502,2.119,1.301,1.289,1.717,1.565,1.364,1.512,0.87,
631.000,4.727,8.425,7.626,7.411,6.914,6.581,4.182,10.648,3.657,4.022,3.407,2.396,3.612131,1.154437,2.286702,3.692,3.828,4.088,3.768,4.958,5.071,5.001,3.851,4.144,4.43,3.884,4.028,2.779,2.905,2.295,2.02,1.826,1.807,1.534,1.788,1.511,1.069,1.347,1.394,0.968,1.545,
632.000,6.538,6.993,9.207,4.889,4.216,3.064,4.384,10.693,2.856,3.306,1.591,3.031,4.151408,1.36913,2.542377,4.02,3.481,4.564,5.017,3.756,5.129,4.191,5.192,4.293,5.154,4.213,3.707,3.247,2.813,1.652,2.273,1.9,1.761,1.355,1.406,1.61,1.259,1.357,1.353,0.771,1.359,
633.000,10.938,8.66,4.757,5.754,5.383,3.089,4.482,8.15,3.978,3.437,2.281,2.95,3.633278,1.38177,1.663724,4.267,2.585,3.675,3.592,4.837,3.962,4.966,5.055,5.265,3.802,3.374,3.832,2.96,3.41,1.691,1.746,1.822,1.64,1.594,1.423,1.647,1.191,1.37,1.251,1.518,1.126,
634.000,5.906,9.064,5.154,3.881,5.92,4.001,3.464,10.754,3.958,2.342,2.261,2.588,3.55,1.693468,3.073628,2.546,3.729,3.552,4.234,4.473,5.47,4.759,4.347,5.212,4.39,3.641,4.169,3.158,2.297,2.594,1.84,2.256,1.816,1.621,1.507,1.658,1.165,1.393,1.327,1.494,0.978,
635.000,17.578,10.223,7.96,5.121,5.078,5.26,4.011,8.104,4.791,4.322,2.783,3.194,2.628,2.22649,3.0623,3.154,2.396,3.565,4.357,3.755,4.459,4.42,4.369,4.041,3.714,3.581,4.244,3.421,2.088,2.082,1.68,1.209,1.583,1.458,1.221,1.46,1.305,1.154,1.173,1.186,1.288,
636.000,11.347,9.713,5.759,5.983,6.451,3.682,3.335,8.285,6.038,1.763,3.611,2.741,2.324,1.535446,2.616194,3.787,2.63,3.39,3.062,4.691,3.272,4.891,4.018,3.802,4.434,3.549,2.794,2.92,3.009,2.366,2.115,1.823,1.642,1.319,1.308,1.221,1.298,1.087,1.275,1.437,1.025,
637.000,9.877,10.744,7.705,6.32,7.28,4.445,1.517,7.081,5.045,2.443,2.881,2.057,2.408,2.08693,1.4536,3.47743,2.917,3.541,4.782,4.236,4.102,4.669,4.485,4.244,3.767,3.538,2.774,2.858,2.593,2.405,1.897,1.578,1.217,1.752,1.695,1.084,1.395,1.513,1.448,0.836,1.143,
638.000,10.123,11.245,9.979,7.378,4.504,3.265,4.054,6.621,6.819,3.394,2.52,2.331,2.787,1.982248,2.058219,3.658241,2.902,3.516,3.924,3.645,4.105,3.94,3.546,3.741,3.1,4.164,2.934,2.767,2.68,2.053,1.537,1.72,1.203,1.313,1.202,1.46,1.557,1.156,1.217,1.052,1.038,
639.000,9.708,8.861,2.85,5.378,5.632,5.839,3.77,4.589,7.882,3.225,3.4,2.159,2.182,1.607946,1.652661,2.085963,2.865,3.02,3.725,4.196,4.112,4.44,4.815,3.382,3.389,3.595,3.059,2.645,1.978,1.728,1.778,1.612,1.781,1.526,1.139,1.227,1.315,0.986,1.16,1.051,1.059,
640.000,8.744,12.314,6.875,4.411,8.403,4.82,4.911,4.626,8.74,2.348,1.645,2.675,2.066,1.397918,1.190677,2.452804,2.912,3.428,3.821,3.773,4.617,3.735,3.681,3.121,3.338,3.154,2.424,2.502,1.644,1.984,2.026,2.113,1.76,1.576,1.261,1.53,1.417,1.437,1.627,1.106,0.827,
641.000,8.328,12.209,8.593,5.43,2.698,5.756,6.014,3.968,9.627,2.427,1.611,2.387,3.334,1.838379,2.15224,3.018402,2.019,2.843,3.646,3.813,4.142,4.031,4.572,4.232,3.769,3.201,2.761,2.784,1.913,2.031,1.618,1.602,1.106,1.088,1.202,1.335,1.31,1.319,1.039,1.121,0.983,
642.000,10.205,8.437,8.136,4.581,3.277,4.734,3.699,4.799,9.08,3.636,1.674,2.676,1.746,2.446292,0.1301181,2.181026,2.884,3.261,4.138,2.952,3.394,3.779,3.743,4.057,3.187,3.855,2.907,2.389,2.459,1.885,2.319,1.545,0.974,1.548,1.174,1.431,1.359,1.372,1.075,1.231,1.467,
643.000,7.589,6.026,7.698,9.331,4.129,5.154,3.052,4.884,8.184,1.899,2.937,2.272,2.931,2.203779,1.223834,2.171199,3.532,3.088,2.841,3.824,3.43,3.414,3.954,2.774,3.501,3.323,3.434,2.534,2.153,2.524,1.54,1.69,1.497,1.429,1.332,1.127,1.26,1.314,1.15,1.104,1.131,
644.000,6.433,9.518,7.3,4.761,4.03,3.808,3.401,4.859,8.884,3.232,3.151,2.123,3.136,2.652,0.8706755,2.059394,3.654,3.042,2.923,3.538,4.536,4.098,3.591,3.328,3.398,4.091,2.343,2.758,2.561,1.788,1.65,1.387,1.085,1.322,1.419,0.971,1.138,0.818,0.954,1.347,0.961,
645.000,9.426,6.696,5.725,5.634,4.185,4.084,3.105,1.963,8.754,2.971,2.858,3.757,2.818,2.439,1.806991,2.015152,3.554,3.516,3.301,4.285,2.946,4.128,3.257,3.926,3.568,3.565,2.634,2.438,2.266,1.927,1.649,1.87,1.089,1.016,1.274,0.779,1.385,1.202,1.201,0.906,0.991,
646.000,8.517,6.589,5.2,3.175,5.553,4.059,5.095,3.277,8.923,5.049,3.264,2.91,2.849,2.551,0.2757043,1.14647,3.278,2.763,3.278,3.881,3.622,2.879,3.35,3.575,2.933,2.568,2.718,2.536,1.838,1.404,1.667,1.648,1.704,1.079,1.197,1.663,1.414,1.131,0.935,1.037,1.012,
647.000,12.289,10.491,5.619,3.405,4.207,3.433,1.906,4.273,6.447,4.313,3.193,2.757,2.277,3.472,1.847291,1.925196,3.292024,2.365,3.019,3.177,3.531,3.148,4.179,2.738,3.605,3.679,3.347,2.133,2.05,1.957,1.607,1.561,1.113,1.309,1.408,1.545,1.548,1.102,1.18,1.14,1.525,
648.000,6.595,11.291,11.717,8.137,4.728,5.627,3.083,5.147,5.63,5.124,3.539,2.743,2.771,3.367,1.101835,1.968508,3.963529,2.399,3.353,2.446,2.836,3.571,2.649,3.12,3.008,2.246,2.481,2.231,2.109,1.708,1.754,1.408,1.87,1.153,1.281,1.874,1.282,1.277,0.962,1.164,1.14,
649.000,10.194,7.374,5.234,6.945,4.178,3.804,2.628,3.656,5.764,5.454,3.469,2.068,3.028,1.754,0.8107572,1.861445,3.396703,2.013,2.635,2.585,4.257,3.44,3.533,3.383,3.176,3.531,2.08,2.272,2.37,1.702,1.815,1.633,1.724,1.126,1.305,1.123,1.048,1.321,1.085,1.303,0.902,
650.000,9.806,9.43,6.14,6.788,3.201,7.25,3.92,4.199,4.364,3.691,3.362,2.124,1.559,2.121,2.5182,1.217901,3.683385,3.104,2.589,2.25,3.323,2.902,2.786,3.153,2.418,2.397,2.509,2.885,1.342,1.507,1.773,1.612,1.155,1.588,1.333,0.919,1.151,1.253,1.131,0.874,0.866,
651.000,8.635,6.117,6.006,4.031,3.131,3.931,3.404,4.046,4.822,7.197,3.931,2.337,2.245,2.426,1.117199,1.406028,3.834648,4.33,2.521,3.53,2.798,2.909,3.111,3.256,2.882,2.36,2.362,2.473,1.89,1.89,1.542,1.259,1.645,1.189,1.149,1.13,1.32,1.074,1.412,0.993,0.836,
652.000,7.732,6.922,7.202,4.726,5.152,6.077,4.546,2.159,4.647,7.531,1.875,3.936,1.395,2.552,1.519162,1.321178,3.811346,2.336,3.237,3.018,2.897,3.208,3.606,3.24,3.079,2.73,2.229,2.07,2.183,1.744,1.912,1.495,0.906,1.188,1.12,1.037,1.551,1.072,1.096,1.339,0.844,
653.000,7.224,5.491,12.382,5.543,4.241,4.231,4.69,3.131,4.518,7.668,2.341,1.897,1.858,1.757,0.9791542,1.983844,4.500546,2.509,2.38,2.325,2.711,3.097,3.022,2.8,2.316,2.335,2.24,2.071,1.647,1.584,1.397,1.378,0.913,1.184,1.171,1.149,1.387,0.946,1.586,0.988,0.677,
654.000,3.443,8.411,6.732,4.727,5.589,5.774,2.945,3.27,3.561,8.806,2.86,3.237,2.765,1.831,1.803,1.563231,3.91348,2.921,3.188,2.882,2.884,3.227,3.52,3.329,2.68,2.561,2.533,2.351,2.223,1.521,1.652,1.446,1.602,1.588,1.486,1.051,1.161,1.199,1.157,0.851,0.722,
655.000,5.535,13.349,7.494,6.609,3.999,2.644,4.953,3.713,1.73,6.479,1.965,2.466,1.906,1.66,2.621,2.231075,3.867244,2.358,2.549,2.905,3.373,2.941,3.73,3.479,2.879,2.524,2.237,1.868,1.869,1.65,1.959,1.456,1.237,1.1,0.848,1.37,0.812,1.176,1.235,1.048,0.915,
656.000,6.136,6.9,9.242,5.986,4.396,4.73,3.415,3.188,3.08,8.072,3.282,3.254,2.289,3.081,2.873,1.623757,3.798841,2.544,2.082,2.058,2.651,2.614,2.83,2.222,2.234,3.068,2.243,1.812,1.902,1.372,1.291,1.138,0.952,1.041,1.213,1.227,1.357,1.238,1.01,1.291,1.381,
657.000,9.78,6.191,8.026,4.231,8.404,3.885,3.617,3.053,3.238,7.902,4.056,1.677,2.824,2.014,3.099,1.542575,3.727259,2.739128,3.223,3.466,2.943,2.637,2.725,2.585,2.505,1.863,2.404,1.703,1.72,1.521,1.642,1.196,0.98,0.95,1.441,1.174,0.99,1.415,0.969,0.641,0.789,
658.000,10.409,11.432,6.102,3.736,3.394,3.822,5.972,2.739,3.407,9.297,4.269,2.753,2.611,1.689,2.438,2.118561,3.082642,2.645467,2.338,2.503,2.974,2.667,2.082,2.852,3.08,2.174,1.833,1.506,1.783,1.744,0.863,1.001,1.362,1.158,1.122,1.218,1.046,1.267,1.013,1.358,1.097,
659.000,3.749,10.501,7.676,3.148,4.785,5.792,4.612,4.72,3.016,7.919,3.273,2.271,2.389,2.626,2.569,1.468046,3.283562,2.528458,3.137,3.251,2.971,3.173,2.67,2.709,1.912,1.764,1.551,1.95,1.556,1.952,1.438,1.397,0.974,1.352,1.29,1.208,1.268,1.185,1.1,1.221,1.229,
660.000,6.01,9.739,5.776,6.053,2.8,6.169,5.466,2.283,4.653,7.353,3.755,2.825,2.576,2.231,1.688,1.86818,3.113706,2.693454,3.404,2.59,3.059,3.271,2.443,2.02,2.535,1.904,1.771,1.62,2.323,1.723,1.567,1.338,1.073,1.435,1.264,1.546,0.893,0.733,1.018,1.26,1.2,
661.000,9.473,11.256,9.652,3.183,3.282,4.573,4.962,4.713,4.295,4.654,4.456,1.914,2.372,2.419,2.013,0.9644745,2.697203,2.555852,2.918,2.281,2.287,1.901,2.691,3.099,2.438,2.959,2.149,2.451,1.516,1.867,1.414,1.502,1.28,1.266,1.119,0.983,0.77,0.621,1.45,0.825,0.985,
662.000,5.089,9.359,4.74,4.512,2.328,5.799,5.253,5.25,3.712,6.4,5.768,2.232,3.261,2.161,2.164,1.379642,3.403176,2.873779,1.943,2.975,2.897,3.338,2.446,2.143,1.372,3.16,1.891,2.188,2.213,1.582,1.494,1.437,0.964,1.265,1.193,1.369,1.39,1.036,0.97,0.9,1.055,
663.000,5.588,9.613,8.006,5.431,8.074,1.947,2.374,3.531,4.346,4.39,6.121,2.382,2.757,3.195,2.158,1.402363,3.160472,2.662294,2.238,2.174,3.495,1.94,2.085,2.398,2.414,2.517,2.115,1.708,1.828,1.437,1.486,1.062,1.125,1.435,1.167,1.366,1.348,1.546,1.009,1.382,0.835,
664.000,7.776,11.567,6.189,5.236,3.283,5.052,2.927,3.603,4.484,3.908,4.378,3.797,2.891,3.174,1.838,1.58,2.738559,2.799579,2.257,2.737,2.803,2.349,2.388,1.841,2.187,2.212,2.659,2.112,1.799,1.921,1.143,1.303,1.188,1.391,1.246,1.143,0.982,0.872,1.093,1.397,0.768,
665.000,7.469,6.988,8.433,5.888,3.516,3.935,5.957,4.724,2.04,5.773,6.655,3.752,3.022,3.3,1.619,2.298,3.117574,2.564841,2.186,2.233,2.903,2.914,3.225,2.588,2.181,2.23,1.607,2.235,1.685,1.32,1.605,1.453,1.254,1.295,1.323,1.124,0.815,0.858,1.111,0.874,1.015,
666.000,10.425,16.722,6.863,5.743,4.571,5.212,2.59,3.613,3.419,2.968,6.302,3.616,3.135,2.404,1.607,2.361,3.008569,2.972875,2.522,2.799,2.041,3.318,2.473,2.295,2.29,2.165,2.656,2.08,1.275,1.172,0.815,1.154,1.174,0.606,1.022,1.137,1.268,0.929,1.237,0.822,0.945,
667.000,5.481,4.022,8.88,5.186,4.381,5.689,3.389,2.78,3.531,3.797,8.727,2.881,3.132,3.135,2.241,1.859,2.486865,2.751555,2.359322,1.977,2.046,2.056,2.452,2.758,2.244,1.798,1.772,1.756,1.849,1.379,1.404,1.71,1.523,1.88,1.218,0.977,0.973,1.124,0.778,1.166,1.114,
668.000,13.649,6.449,8.565,6.748,4.721,6.05,3.812,5.196,3.182,5.007,6.732,3.791,2.521,3.639,1.582,2.011,2.837837,2.887921,2.42776,2.546,2.969,2.232,2.241,2.673,3.103,2.735,2.196,2.088,1.845,1.368,1.548,1.5,0.67,1.401,1.361,0.941,1.185,1.18,1.149,0.995,1.074,
669.000,8.802,8.832,3.87,8.44,4.687,4.972,3.155,4.028,4.548,3.935,6.956,3.626,2.499,2.592,1.878,1.366,2.99614,2.251625,2.567929,2.926,2.319,3.535,2.55,2.459,2.079,1.914,1.998,2.165,1.151,1.268,1.566,1.828,1.092,1.562,1.056,1.417,1.418,1.014,1.163,0.749,0.72,
670.000,10.633,6.705,8.132,2.707,5.592,6.439,4.701,4.891,2.905,5.813,7.887,3.549,2.36,2.505,2.895,1.502,2.210498,2.676535,2.311837,2.215,2.553,1.705,2.43,2.863,1.818,2.619,2.005,1.808,1.637,1.619,1.505,1.48,1.444,1.218,1.137,1.269,1.159,1.441,0.941,1.062,1.063,
671.000,10.712,13.75,7.663,5.587,7.586,5.251,4.044,4.256,4.591,3.011,8.405,3.434,2.442,0.927,2.848,3.036,2.504595,2.715456,2.370617,1.925,2.361,2.506,2.036,2.694,1.641,1.485,3.058,1.289,2.073,2.342,1.028,1.367,1.557,1.372,1.137,1.292,0.87,1.258,0.85,0.852,1.054,
672.000,6.501,6.426,8.568,6.751,6.525,4.876,3.512,4.594,3.064,3.186,7.056,4.059,2.307,2.224,2.123,2.017,2.408907,2.89622,2.310263,2.94,2.803,1.885,1.948,2.172,2.312,2.341,1.566,2.084,1.919,1.609,1.511,1.702,0.606,1.518,1.041,0.85,1.124,1.421,1.027,0.868,1.037,
673.000,8.082,13.515,5.086,7.977,6.122,3.144,6.365,6.896,2.043,3.871,5.122,4.846,2.629,2.506,1.608,1.849,3.272743,3.355113,2.297812,1.793,2.556,3.017,1.992,2.358,2.709,1.819,1.878,1.943,2.24,2.035,1.54,1.237,1.283,1.447,1.038,1.688,0.881,1.641,0.961,1.281,1.237,
674.000,12.658,10.851,8.394,8.307,5.387,6.302,5.278,6.68,3.275,3.125,5.132,5.538,3.294,2.032,2.652,3.065,2.214,2.998421,1.98479,2.419,1.896,2.085,2.203,2.835,2.61,2.753,2.11,2.059,1.806,1.594,1.482,1.455,1.387,1.268,1.321,1.147,1.18,1.188,1.268,1.013,0.979,
675.000,9.642,7.186,8.681,6.656,6.143,6.844,4.774,4.053,4.708,4.079,5.801,6.257,3.697,2.943,2.057,3.327,3.274,2.989333,2.030521,2.418,1.981,2.128,1.654,2.11,2.115,1.734,2.232,2.142,1.785,1.324,1.025,1.542,1.204,1.382,1.382,1.083,1.446,1.453,0.968,1.513,0.996,
676.000,14.4,7.143,9.431,9.425,4.753,5.584,5.533,3.241,4.671,3.191,3.247,5.015,1.825,4.162,2.039,1.662,3.072,2.592692,1.850186,2.564,2.288,2.195,2.583,2.21,2.281,1.945,1.894,2.088,1.765,1.173,1.622,1.059,1.015,0.802,1.256,1.228,0.673,1.395,1.557,1.553,0.947,
677.000,6.596,5.943,8.215,6.849,5.256,4.2,3.053,4.101,3.398,4.423,4.986,5.491,3.042,2.317,2.211,2.306,2.773,2.991507,2.024877,1.851495,2.826,1.825,2.88,2.331,1.981,2.486,1.706,1.71,1.527,1.236,1.242,1.407,1.45,1.643,1.326,0.908,1.078,1.263,1.515,1.232,0.957,
678.000,12.318,13.058,10.408,7.135,9.138,5.367,4.846,5.799,5.511,3.215,4.149,6.072,2.733,2.816,2.469,2.759,2.577,2.902441,1.707421,2.760699,2.121,1.908,2.428,2.642,1.871,2.181,2.239,1.529,2.241,2.206,1.909,1.548,1.562,1.737,0.818,1.711,1.106,1.271,0.891,0.694,1.073,
679.000,11.351,16.561,4.327,9.099,7.02,5.642,6.102,6.158,3.072,3.292,3.636,6.976,3.349,2.195,2.624,2.018,2.904,2.966366,1.519545,3.142685,2.917,2.063,2.606,2.278,3.184,2.292,2.181,2.023,1.397,1.788,1.379,1.383,1.171,1.172,1.124,1.91,1.215,1.225,1.437,1.026,0.859,
680.000,11.292,8.999,6.246,4.162,4.466,5.308,5.32,3.798,4.835,5.866,4.013,7.831,3.048,3.228,2.733,2.284,1.571,2.937309,1.606566,2.365998,2.114,2.776,2.092,2.468,2.763,1.7,2.202,1.734,2.151,1.459,1.737,1.726,1.356,1.27,1.151,1.394,1.446,1.034,1.485,0.953,0.88,
681.000,6.242,7.363,11.56,4.955,4.08,4.583,3.689,4.967,5.597,5.249,4.984,6.887,4.865,2.896,3.111,1.81,2.572,2.323703,1.244964,2.576599,2.301,1.708,2.398,2.798,1.635,2.206,2.186,1.953,1.134,1.602,1.603,1.425,1.384,1.54,1.19,1.309,1.347,1.435,1.563,1.088,0.934,
682.000,11.143,8.81,5.013,6.794,5.467,3.813,3.58,3.692,2.636,5.002,2.754,6.549,4.193,1.748,2.328,1.169,1.664,2.466594,1.386183,2.225218,1.841,2.41,3.024,2.19,2.315,1.917,2.205,2.442,1.771,1.376,1.743,1.301,1.149,1.258,0.898,0.844,1.246,1.081,1.05,1.487,1.326,
683.000,9.203,11.879,6.172,7.683,5.738,6.919,5.932,6.571,3.724,3.178,3.478,6.715,3.233,3.455,3.459,1.972,1.429,2.639135,1.309578,2.416476,2.627,2.706,2.285,2.396,2.425,1.886,1.432,1.382,1.527,1.846,2.155,1.302,1.824,1.313,1.085,1.337,1.434,1.681,1.139,0.756,1.233,
684.000,14.125,12.077,5.112,11.293,4.617,4.837,6.714,4.479,3.777,3.502,3.872,5.992,4.592,2.618,1.933,3.293,1.825,2.635,0.9492158,2.623236,2.245,3.712,2.456,2.997,2.514,1.922,1.874,1.629,1.763,1.739,1.137,1.841,1.066,1.175,1.173,0.949,1.264,1.115,0.816,0.617,0.928,
685.000,6.591,6.613,6.361,5.859,7.346,4.623,5.081,5.11,4.55,5.158,3.677,6.68,5.185,1.932,3.005,3.381,2.566,1.889,1.182973,2.406026,2.012,3.138,2.846,1.584,2.762,2.687,1.786,1.888,2.182,1.809,1.531,1.303,1.269,1.487,1.186,1.515,1.241,0.932,1.242,0.892,1.295,
686.000,13.512,7.745,6.536,7.531,5.714,6.592,4.497,5.703,5.145,4.816,4.474,6.594,4.904,2.863,4.766,3.005,2.808,2.448,0.9823127,2.008161,2.217,2.532,1.98,1.934,2.2,2.682,2.326,1.592,1.432,1.62,1.889,1.591,1.205,1.46,1.41,1.397,1.545,1.29,1.172,1.116,1.135,
687.000,12.983,8.644,6.975,6.886,5.206,6.426,5.76,3.372,4.717,3.463,4.952,5.967,4.78,3.33,1.642,2.827,2.256,2.36,0.8896825,2.530115,2.82567,1.89,1.443,2.022,1.96,2.093,2.175,1.749,1.387,1.28,1.767,1.169,1.507,1.669,1.109,1.392,1.697,1.264,1.597,1.139,0.879,
688.000,13.566,9.037,10.467,6.368,3.877,5.017,5.306,6.954,5.339,3.788,4.54,5.039,5.295,1.83,2.015,2.618,3.201,2.629,1.206589,2.85344,1.903888,2.565,2.581,2.149,2.008,1.592,2.885,1.625,1.986,1.852,1.116,1.239,1.572,1.538,1.796,1.342,1.549,1.281,1.361,0.806,1.026,
689.000,7.584,11.105,8.853,7.663,7.136,4.763,4.147,4.799,5.501,3.319,4.048,3.862,6.002,3.63,2.888,1.664,2.538,2.108,1.179538,3.240797,1.766178,2.366,2.418,2.126,2.369,2.074,1.704,2.29,2.312,2.249,2.05,1.19,0.848,1.454,1.008,1.479,1.173,1.394,1.18,1.258,1.266,
690.000,9.841,11.245,10.613,9.398,7.616,5.469,2.684,6.598,4.734,6.165,3.998,3.423,4.685,1.908,2.633,2.055,2.227,2.293,1.087407,2.772054,2.176584,2.047,2.083,2.649,2.391,2.644,1.559,1.472,1.406,1.406,1.809,1.748,1.627,0.949,1.337,1.661,1.646,1.462,1.347,1.048,1.201,
691.000,10.02,13.031,6.999,6.009,4.316,6.876,2.782,3.539,5.005,2.855,7.025,4.044,7.405,1.552,2.482,2.709,2.355,2.344,1.232196,3.711619,2.320876,1.826,2.794,2.44,2.639,2.098,2.408,1.613,1.469,1.961,0.968,1.792,0.654,1.002,1.116,0.967,2.03,1.1,0.844,1.292,1.184,
692.000,12.36,17.531,10.613,5.905,6.963,5.342,2.797,6.022,4.59,6.218,3.9,4.438,8.249,2.73,1.796,2.442,2.123,3.625,1.266079,2.812697,2.154434,1.914,3.177,1.98,2.55,2.177,1.927,1.157,2.038,1.823,1.789,1.286,1.464,1.986,0.981,1.194,1.261,1.212,0.996,1.333,1.522,
693.000,18.337,10.991,4.71,7.261,5.307,6.388,6.112,4.351,4.839,3.984,4.597,3.387,6.001,4.953,1.867,2.847,2.855,2.077,1.726735,2.960886,2.648433,1.859,1.399,1.63,2.159,2.464,1.333,1.398,1.3,1.197,1.386,1.204,1.085,1.382,1.187,0.991,1.143,1.116,1.317,0.854,0.933,
694.000,9.62,15.483,3.796,1.429,3.163,5.32,6.303,6.244,6.367,3.147,3.02,4.482,6.945,2.462,2.189,2.064,2.984,1.742,1.786,2.935297,3.025164,2.683,2.008,2.107,2.035,1.946,2.102,2.513,2.234,1.689,1.841,1.474,1.312,2.069,0.904,1.3,1.444,1.193,1.343,1.235,1.437,
695.000,8.652,12.241,9.283,9.4,3.67,4.794,6.971,3.625,5.481,4.821,4.119,2.84,6.01,4.331,2.316,2.945,2.512,1.978,1.741,3.482884,2.629016,1.577,2.304,3.168,2.268,2.182,2.13,2.142,1.704,1.583,1.733,1.538,1.596,0.668,2.236,1.235,1.401,1.596,1.45,1.031,0.868,
696.000,11.313,8.378,9.177,7.18,8.655,6.407,5.709,5.907,4.373,6.355,3.404,3.091,5.268,3.88,2.44,2.321,2.319,2.789,2.301,3.832839,2.257107,1.946,2.436,1.675,1.655,1.947,1.847,2.361,1.94,1.753,1.759,1.538,1.601,1.735,1.748,1.707,1.378,1.638,0.534,1.222,1.198,
697.000,8.509,12.356,6.604,9.335,8.375,7.738,6.69,5.876,4.305,5.391,5.088,2.168,5.326,5.474,2.527,2.171,3.431,2.021,2.577,3.82875,2.697325,1.290263,2.336,3.171,1.758,2.499,2.018,2.212,2.095,1.711,1.915,1.899,1.897,1.576,0.872,1.029,1.17,1.397,1.419,1.508,1.327,
698.000,13.971,14.424,8.811,6.692,3.575,5.612,4.856,4.836,4.274,5.631,4.612,3.639,5.274,4.912,3.378,2.651,3.168,2.626,2.129,2.717769,3.476696,2.556759,2.12,2.614,3.11,2.417,1.906,1.532,1.795,1.697,1.74,1.177,1.848,1.287,1.044,1.532,1.415,1.218,1.756,1.613,1.612,
699.000,18.909,13.446,12.273,6.144,5.47,2.396,5.067,8.394,6.165,5.754,3.449,4.964,4.897,3.428,1.816,3.336,1.415,2.131,3.311,3.877507,4.111763,1.622885,0.831,2.019,1.896,1.838,1.701,2.115,1.81,1.24,1.606,1.98,1.373,1.508,1.744,1.679,1.602,1.079,1.427,1.251,1.288,
700.000,14.14,13.66,11.913,8.397,7.676,6.524,3.248,4.646,5.909,4.741,4.032,3.887,4.456,3.774,3.504,2.04,2.25,2.341,2.056,3.172358,3.436431,2.187815,2.093,2.831,2.268,1.846,2.061,2.147,1.796,1.41,2.208,1.78,1.014,1.748,1.487,1.289,1.815,1.31,1.293,2.042,1.484,
701.000,19.122,14.56,14.595,8.771,7.479,7.476,7.517,9.161,7.245,3.246,4.655,4.285,4.591,5.079,1.796,2.314,2.362,1.939,2.14,2.759004,3.712409,1.630174,2.591,2.219,1.938,1.144,1.606,1.423,2.383,1.391,1.763,1.952,1.345,1.169,1.342,1.417,1.503,1.259,1.091,1.054,1.567,
702.000,10.455,7.07,11.334,9.987,10.687,6.228,8.752,4.949,4.656,5.016,4.772,3.218,4.446,6.31,2.702,2.366,2.426,3.125,3.564,3.277236,3.162385,1.981897,2.656,2.441,2.442,1.723,2.521,2.131,2.784,1.527,0.819,1.367,1.059,1.025,1.191,1.097,1.392,1.491,1.051,1.455,1.25,
703.000,6.87,13.648,6.861,12.336,6.11,6.763,3.168,2.407,6.196,5.373,4.787,2.555,3.828,6.706,3.683,2.92,2.334,2.85,3.265,1.65741,3.465731,3.11399,2.354,2.328,2.575,2.047,1.636,1.339,1.536,1.645,1.872,1.663,1.446,1.799,1.639,1.832,1.237,0.956,1.929,1.379,1.306,
704.000,14.269,13.547,9.519,6.754,5.24,6.965,4.89,3.275,5.848,4.524,4.524,4.5,4.157,9.333,3.213,1.779,1.777,2.511,3.261,3.352,3.335856,2.507361,1.994,2.431,2.295,1.172,2.459,1.847,1.756,2.127,1.211,0.79,1.107,1.508,1.023,1.508,0.907,1.73,1.472,1.216,1.284,
705.000,8.777,12.853,7.765,6.13,7.009,6.668,5.675,5.87,3.693,3.684,6.364,4.183,3.199,6.287,2.929,1.275,2.118,2.614,1.776,2.667,3.352272,2.639565,2.248,2.066,2.452,1.806,1.736,1.284,2.342,2.483,1.088,1.392,1.472,1.053,2.06,1.841,1.119,1.299,1.59,1.229,1.267,
706.000,15.031,16.245,9.168,6.387,5.541,4.623,5.439,5.615,6.093,5.499,2.389,2.759,4.959,6.223,5.691,2.727,3.452,2.729,2.579,1.059,3.08656,1.674346,2.303,2.432,2.324,2.626,2.338,1.899,1.669,2.052,1.177,1.604,1.674,1.173,1.92,1.115,1.463,1.222,1.656,1.237,1.622,
707.000,11.94,10.21,15.649,8.814,9.226,6.1,4.353,8.461,5.829,4.012,4.118,3.762,5.382,7.075,3.829,2.96,2.921,2.443,3.14,2.965,3.671848,1.899057,1.844629,2.427,2.24,2.18,2.266,1.698,1.596,1.968,1.674,1.426,1.363,1.748,1.202,1.798,1.197,0.882,1.585,1.194,1.303,
708.000,13.803,10.02,7.472,6.885,5.477,4.459,6.098,5.327,6.38,5.383,4.234,4.264,3.416,6.435,4.356,2.651,1.636,2.165,2.205,1.795,2.955493,1.208808,2.823207,1.907,2.077,2.288,2.199,2.065,1.731,1.732,2.103,1.291,1.491,1.264,1.191,1.449,1.129,1.516,1.282,1.89,0.889,
709.000,10.425,15.091,9.058,9.168,5.517,6.768,4.415,7.868,3.588,3.638,4.104,4.304,2.551,5.806,3.64,1.985,5.108,2.021,3.294,2.807,3.610503,1.107034,2.465844,2.313,1.978,2.156,1.689,2.621,1.581,1.709,1.721,1.582,1.697,1.241,1.504,2.033,1.094,1.301,1.501,1.246,1.391,
710.000,15.818,10.268,10.593,11.599,4.292,9.201,3.757,6.155,5.322,3.262,4.671,4.545,3.748,5.664,4.422,2.708,3.831,3.132,2.565,1.939,3.903544,1.969988,2.234734,1.967,2.465,1.458,2.574,1.423,2.263,2.106,1.471,1.421,1.671,1.594,1.513,1.083,1.682,0.956,1.361,1.189,1.326,
711.000,6.262,11.508,8.849,10.385,7.682,7.269,4.376,5.289,4.128,5.707,4.854,3.187,3.495,6.339,5.31,3.255,3.108,3.685,3.259,3.143,3.162091,1.628867,1.11736,2.384,2.457,1.667,2.514,2.092,0.739,1.387,1.728,1.995,1.87,1.19,1.242,1.878,1.631,1.399,1.415,1.435,1.322,
712.000,12.75,9.533,8.68,4.486,2.878,9.832,5.143,5.078,5.193,5.755,2.422,3.26,4.141,4.62,6.006,3.132,2.581,2.952,3.085,3.658,3.356155,2.618253,2.072851,2.655,1.915,1.373,2.109,1.644,2.591,1.788,1.909,0.8,1.694,1.571,1.013,1.044,1.572,1.875,1.543,1.777,1.12,
713.000,10.658,7.826,6.062,8.059,5.369,4.28,5.747,5.799,5.055,8.234,5.226,3.192,4.71,3.578,4.56,3.367,3.61,2.372,2.93,2.715,3.515498,1.362363,1.750424,2.531,2.948,2.182,2.418,1.88,1.493,2.286,1.737,1.788,1.951,1.78,1.775,1.457,1.088,1.668,1.602,1.669,1.386,
714.000,18.447,17.217,11.469,14.258,4.896,6.058,5.325,7.754,7.225,6.469,5.635,3.88,3.57,4.684,6.284,3.069,3.589,2.83,2.417,3.442,2.409,1.570188,1.737749,2.042,2.199,2.316,2.191,1.782,1.385,2.895,1.732,1.38,1.508,2.432,1.358,1.511,1.729,1.413,2.248,1.964,1.711,
715.000,9.88,14.207,7.864,14.55,7.912,8.096,10.536,6.126,5.695,5.017,4.819,3.975,4.681,4.56,4.739,3.725,3.633,3.227,3.206,2.506,3.075,2.152039,2.257007,2.15,1.887,2.09,1.723,1.679,2.041,1.778,1.692,1.385,1.349,1.888,1.651,1.573,2.355,1.352,1.084,1.408,1.56,
716.000,7.857,11.476,15.871,7.653,6.226,7.511,5.23,6.547,5.584,5.744,4.657,4.716,3.224,5.069,5.736,3.708,3.015,2.303,2.664,2.08,3.25,2.348802,2.135735,3.192,2.251,2.418,1.903,2.767,2.631,1.214,1.389,1.867,1.597,2.119,1.625,0.836,1.458,2.035,1.779,0.95,1.746,
717.000,9.774,14.084,10.938,5.773,9.712,8,3.607,4.355,4.178,5.406,6.468,5.533,3.763,2.726,6.591,3.479,2.495,2.826,1.99,3.298,2.37,2.255979,2.183518,3.031488,3.232,1.698,1.809,1.513,2.11,2.289,2.173,1.932,1.274,1.333,1.408,1.745,1.521,1.629,1.58,1.872,1.342,
718.000,18.47,12.772,10.731,12.103,10.219,8.253,7.993,8.948,6.295,6.886,4.221,3.774,3.509,4.192,5.913,3.753,4.04,4.13,3.379,3.316,2.835,3.541187,2.238129,2.764088,2.777,2.191,2.959,2.23,2.682,1.839,1.849,1.954,1.027,1.594,0.942,1.644,1.376,1.866,1.875,1.482,1.522,
719.000,11.986,8.638,13.883,7.431,8.188,4.613,8.401,5.944,6.546,4.32,4.608,4.921,4.281,5.014,7.056,3.551,3.526,1.684,2.927,2.657,1.672,2.684901,2.060471,2.097357,2.899,1.847,2.008,2.133,1.579,1.33,1.042,1.765,1.939,1.984,1.351,1.439,1.397,1.322,1.77,0.826,1.279,
720.000,6.142,14.375,19.47,4.692,10.025,7.02,5.879,3.891,3.727,4.053,3.736,4.173,4.5,4.717,5.512,4.528,2.813,3.524,4.669,3.09,2.432,1.944305,2.352718,1.534355,2.919,2.4,1.728,2.449,1.607,2.669,1.345,2.178,2.194,1.429,1.225,1.421,1.96,1.378,1.996,1.554,1.699,
721.000,15.191,11.731,11.281,11.649,12.093,4.422,3.912,5.482,5.846,4.464,5.042,4.834,4.244,3.382,5.352,2.906,2.934,5.778,3.04,2.149,3.652,2.499444,1.938509,2.670419,2.325,1.92,1.427,1.703,1.961,1.456,1.811,1.686,1.776,1.814,1.842,1.379,0.98,1.962,2.071,1.24,1.737,
722.000,13.824,12.96,14.089,13.744,6.436,6.921,5.052,5.335,6.878,5.153,3.629,4.12,5.257,2.255,7.337,5.012,2.727,3.525,1.839,4.296,2.994,3.108019,2.515642,2.010321,2.626,2.735,2.005,2.301,2.473,1.875,1.734,1.753,0.989,2.174,1.288,1.78,1.672,1.516,1.778,1.652,1.714,
723.000,8.307,14.136,9.79,9.583,7.681,7.037,7.736,6.92,7.132,4.599,6.308,3.631,2.51,4.416,5.124,5.019,2.053,2.141,3.07,2.577,3.543,2.209607,2.045143,1.856662,1.736,2.04,2.627,2.498,2.613,1.127,1.925,1.813,2.073,1.498,1.535,2.169,1.931,1.925,1.646,1.671,1.908,
724.000,15.838,13.844,7.344,9.238,11.292,10.142,5.687,3.218,7.892,5.043,2.605,3.559,4.187,4.573,4.306,4.438,4.814,3.507,3.461,3.606,3.134,2.472,1.930912,2.119457,1.956,2.423,2.645,2.232,2.634,1.309,1.337,2.463,1.047,1.411,1.368,2.09,1.812,1.567,1.602,1.519,1.624,
725.000,8.433,15.956,8.643,10.488,9.715,5.538,8.455,8.767,3.753,5.65,4.358,4.659,3.897,3.574,2.787,4.739,3.168,5.233,2.698,3.306,2.298,4.127,1.764261,2.173654,2.165,1.747,1.626,2.099,1.762,2.442,2.685,2.237,1.528,1.979,1.72,1.804,2.387,1.825,1.3,1.59,2.137,
726.000,19.455,12.332,8.996,14.814,9.24,8.351,4.671,7.72,9.501,5.088,5.002,5.528,5.438,4.837,3.435,4.982,3.742,4.015,3.403,4.278,2.221,3.191,2.228959,2.081955,3.018,2.91,1.653,2.877,3.667,1.905,1.551,1.881,1.662,1.781,1.181,1.665,1.821,1.727,1.645,1.74,1.711,
727.000,19.259,14.339,12.96,7.406,12.431,9.857,6.053,4.944,7.008,6.663,6.023,4.438,5.376,4.051,3.732,4.598,3.245,3.908,2.427,3.616,2.801,3.902,2.402264,1.946394,3.23866,2.433,1.767,2.734,2.013,2.634,3.277,1.897,2.065,1.384,1.481,1.69,1.805,1.721,1.825,2.14,1.674,
728.000,18.215,15.921,10.409,10.898,10.861,6.42,7.835,8.134,6.979,3.885,5.596,3.376,2.689,3.698,6.471,5.445,4.384,2.741,4.03,3.649,3.878,2.614,2.235649,2.123957,4.665777,2.461,2.735,2.052,1.784,2.289,1.864,1.52,1.834,1.454,0.939,1.301,1.301,1.542,1.946,1.849,1.684,
729.000,19.447,13.18,16.71,10.575,4.431,4.271,9.845,10.826,5.15,5.393,4.255,3.523,2.56,3.859,5.957,9.397,3.53,3.342,2.778,2.456,2.76,3.32,2.536516,1.747286,3.240705,3.355,2.278,1.718,2.282,2.335,2.152,1.886,1.457,1.203,1.45,1.619,1.361,1.593,1.528,1.532,1.374,
730.000,16.946,12.353,6.138,4.419,4.867,7.74,4.941,7.105,4.188,7.36,5.606,4.842,3.971,4.098,3.517,6.177,3.806,4.095,4.793,3.609,3.138,3.58,2.559474,1.771315,3.372533,2.635,2.167,1.34,2.142,1.878,1.419,1.748,1.764,1.74,1.498,1.859,2.124,1.645,1.654,1.866,2.083,
731.000,17.938,9.975,14.809,9.324,5.878,6.482,4,6.468,5.873,7.028,3.653,4.898,4.832,3.258,5.779,9.024,5.048,3.951,3.461,4.318,2.673,2.556,2.938168,1.536374,2.650246,3.416,2.903,2.515,1.618,2.95,2.155,2.053,1.686,1.424,1.488,1.41,1.291,1.009,1.97,1.626,1.103,
732.000,11.995,17.811,15.963,7.168,12.101,7.653,6.676,6.018,7.198,4.12,6.588,5.936,3.565,2.652,4.958,6.669,4.399,3.733,4.553,3.263,3.166,3.593,2.658216,1.270557,3.96029,2.618,2.2,1.749,1.635,2.239,1.432,1.91,1.495,1.988,1.473,1.916,1.683,1.888,2.05,2.371,1.789,
733.000,19.759,11.453,11.985,14.96,7.534,4.322,7.847,7.086,7.555,5.906,4.473,4.206,3.307,5.887,3.139,6.348,4.511,3.599,4.598,4.856,3.648,2.529,3.061499,1.926203,4.100169,2.634,2.747,1.926,2.193,2.261,3.006,1.981,2.114,1.398,1.829,2.041,1.945,2.391,2.081,1.608,1.391,
734.000,10.892,10.032,10.999,13.535,8.721,11.177,8.351,7.689,5.95,4.039,5.42,3.381,6.084,4.259,3.667,6.493,4.35,3.449,4.784,2.969,4.729,2.903,4.285,2.577863,3.319768,2.195,1.994,2.977,3.123,1.891,1.769,1.526,1.751,1.92,1.702,1.725,1.517,1.835,2.167,1.724,1.742,
735.000,22.602,18.662,12.28,14.371,7.659,6.969,8.342,5.596,3.62,4.723,6.811,3.468,4.852,3.836,3.967,7.101,6.027,3.22,4.189,3.143,3.493,2.746,2.865,1.586043,3.843149,2.55,2.686,1.898,2.518,1.813,1.833,2.777,1.405,2.138,1.429,1.438,1.788,1.554,2.257,1.102,1.783,
736.000,5.29,17.768,8.281,8.176,8.88,6.225,7.045,5.931,5.495,7.903,5.784,3.367,4.785,5.082,3.638,6.814,4.977,4.191,3.394,3.918,5.455,3.128,3.402,1.640839,5.717678,2.144,2.896,2.418,1.897,1.931,2.148,2.504,2.179,2.281,1.71,1.813,2.123,1.565,1.535,2.259,1.597,
737.000,16.921,11.098,15.236,8.902,9.035,4.971,5.514,6.087,5.013,5.141,6.442,5.57,4.426,4.535,5.62,4.991,3.813,3.389,2.988,3.339,4.55,4.173,3.107,1.672072,5.328008,-2.710748,1.896,2.359,1.928,2.557,1.938,2.001,1.499,1.732,3.027,1.501,2.106,2.522,1.857,1.798,1.68,
738.000,24.49,11.221,14.728,11.567,8.958,8.485,6.103,5.537,7.274,6.602,4.673,5.514,4.688,3.753,7.101,4.77,6.584,6.163,4.352,5.116,3.586,3.022,2.872,2.435097,4.8736,22.96809,3.155,2.502,2.035,2.646,1.956,1.949,1.999,2.177,2.067,2.062,2.193,1.877,2.004,2.725,1.631,
739.000,21.573,11.854,18.795,2.441,13.455,6.682,8.95,5.047,7.73,5.31,2.164,3.391,5.976,3.949,3.461,6.346,8.858,3.944,3.423,7.089,3.124,3.518,3.133,2.164355,3.658109,20.20903,2.034,1.509,2.944,1.766,1.676,2.109,1.886,2.458,2.07,1.873,1.453,1.114,1.054,1.827,1.173,
740.000,21.429,3.367,16.139,9.39,6.974,6.055,6.809,8.44,4.564,7.426,5.808,4.96,3.241,4.621,2.664,4.416,7.133,5.386,3.446,4.579,4.033,4.51,3.192,1.586223,3.598113,21.85584,2.544,2.174,3.627,1.519,2.138,1.773,1.918,1.668,1.237,0.797,1.833,2.389,1.933,1.767,2.01,
741.000,10.766,15.295,9.951,10.253,7.389,8.656,9.033,8.094,9.589,4.6,5.422,4.445,5.493,7.726,4.82,4.772,8.031,4.551,5.466,4.571,3.924,3.805,3.393,2.341853,3.977652,20.39414,2.159,2.304,2.224,1.256,1.535,2.273,1.463,1.804,1.856,2.057,1.738,2.29,1.462,2.202,2.225,
742.000,22.915,18.564,13.093,17.955,13.501,6.854,5.653,5.024,4.993,5.074,6.824,6.182,3.896,5.778,2.987,6.299,7.164,4.53,5.206,5.988,3.847,3.443,2.863,2.424529,4.546155,31.23104,2.631,2.096,3.029,1.817,1.695,2.749,1.577,1.375,1.412,1.905,1.883,1.895,1.679,1.585,1.937,
743.000,20.429,14.081,11.554,15.187,3.56,7.919,7.914,5.263,6.385,5.048,4.685,3.775,4.787,6.105,6.459,5.53,6.495,5.185,4.426,5.306,3.205,3.362,4.989,1.970864,4.064328,38.63721,3.679,2.823,2.09,2.145,2.053,2.864,2.716,2.561,1.881,2.216,2.901,1.884,1.86,1.996,2.051,
744.000,18.732,16.749,14.63,14.433,8.076,6.05,3.033,6.374,7.869,6.744,8.788,4.194,4.405,3.7,5.049,4.927,7.822,3.403,3.565,4.222,5.864,3.514,2.844,3.206,3.254427,50.38462,2.52,2.265,3.686,2.332,3.243,2.027,2.558,3.067,2.162,1.764,2.974,3.052,1.913,1.78,1.899,
745.000,13.044,10.342,8.639,7.898,8.006,8.225,9.478,8.005,7.945,6.788,5.559,6.86,5.572,5.346,4.404,5.152,6.021,6.054,4.222,3.427,5.083,4.896,2.412,2.884,3.210318,36.02948,3.622,2.983,2.074,1.749,1.726,2.103,2.093,2.501,1.949,1.292,1.732,1.969,1.869,1.77,1.597,
746.000,21.075,12.412,8.331,9.92,8.406,7.442,8.605,5.287,6.234,7.252,5.049,4.374,6.11,4.683,4.773,6.052,4.891,7.973,4.159,3.522,3.537,4.626,4.497,3.804,4.066651,45.82977,2.635,2.934,2.577,2.515,2.253,1.421,1.939,2.442,2.244,2.156,1.839,2.694,1.875,1.631,2.158,
747.000,17.71,14.275,10.655,4.184,12.277,15.806,6.506,4.204,5.829,8.586,7.576,7.611,4.722,5.016,5.939,6.936,7.016,4.2,5.967,5.065,4.539,4.172,4.37,3.701,4.303491,48.17367,3.460296,2.174,2.887,1.675,1.9,1.479,2.328,1.535,1.928,2.256,2.749,1.319,2.36,2.226,2.747,
748.000,26.193,15.666,17.289,15.156,14.718,5.884,8.065,10.753,6.815,8.787,5.263,7.711,5.636,6.533,4.551,4.825,6.204,7.526,3.804,4.17,6.612,4.612,2.773,4.891,2.651432,48.74967,4.247365,2.461,2.128,1.337,2.294,2.682,2.434,1.668,2.158,1.766,1.986,2.136,2.14,1.89,1.48,
749.000,19.529,13.447,12.528,10.465,10.496,8.652,10.143,10.057,5.017,6.841,6.493,4.898,5.379,5.061,4.33,3.941,5.395,5.687,5.266,4.474,4.355,5.933,2.866,2.699,2.309756,46.71424,3.351356,3.278,2.217,2.188,2.304,2.842,2.313,1.491,2.363,3.158,2.254,1.485,1.359,2.411,2.784,
750.000,21.349,12.968,5.141,7.104,6.927,9.114,7.514,9.905,5.167,3.95,6.834,7.196,5.068,5.253,4.466,4.254,5.923,5.381,4.349,5.1,3.864,4.2,4.899,3.496,3.247046,34.78077,0.8641256,1.524412,0.7462025,1.222989,1.442871,0.8730702,0.9147221,0.9849806,1.097383,0.4890799,0.8210721,1.84515,1.77413,1.378094,0.2377782,
